0,51.509,-0.16103,30.27,-0.025317,0.093691,0.035606
0.5,51.509,-0.16103,29.094,0.10598,0.043232,0.0056724
1,51.509,-0.16103,27.297,0.17906,0.071027,0.030966
1.5,51.509,-0.16103,27.594,0.39934,0.056295,0.033838
2,51.509,-0.16103,27.511,0.60661,0.082361,0.029264
2.5,51.509,-0.16103,27.498,0.77786,0.086112,-0.041067
3,51.509,-0.16103,27.521,0.98597,0.094237,-0.055148
3.5,51.509,-0.16103,27.524,0.98752,0.069016,-0.032295
4,51.509,-0.16102,27.556,0.99204,0.077908,-0.067458
4.5,51.509,-0.16102,27.571,0.99863,0.082413,-0.046604
5,51.509,-0.16102,27.623,0.98254,0.084842,-0.097738
5.5,51.509,-0.16102,27.656,0.99969,0.059011,-0.082166
6,51.509,-0.16102,27.69,0.9858,0.11522,-0.060989
6.5,51.509,-0.16102,27.692,1.006,0.10941,-0.016281
7,51.509,-0.16102,27.711,1.0175,0.077284,-0.033317
7.5,51.509,-0.16102,27.737,1.0064,0.099551,-0.045335
8,51.509,-0.16102,27.757,0.98667,0.087512,-0.036705
8.5,51.509,-0.16102,27.792,1.0026,0.083275,-0.061871
9,51.509,-0.16102,27.817,1.0098,0.099394,-0.052571
9.5,51.509,-0.16102,27.826,1.0185,0.11588,-0.025786
10,51.509,-0.16102,27.841,0.98424,0.11454,-0.029529
10.5,51.509,-0.16102,27.847,0.99821,0.1002,-0.015434
11,51.509,-0.16102,27.862,1.0213,0.087645,-0.030839
11.5,51.509,-0.16101,27.877,0.9962,0.11234,-0.027386
12,51.509,-0.16101,27.891,1.006,0.078665,-0.029714
12.5,51.509,-0.16101,27.923,0.97635,0.067201,-0.054193
13,51.509,-0.16101,27.946,0.98927,0.08689,-0.046977
13.5,51.509,-0.16101,27.974,0.98571,0.092397,-0.052877
14,51.509,-0.16101,27.999,1.0038,0.092783,-0.05243
14.5,51.509,-0.16101,28.004,0.99425,0.051341,-0.019396
15,51.509,-0.16101,28.01,0.99095,0.057498,-0.013637
15.5,51.509,-0.16101,28.037,0.97103,0.074311,-0.044923
16,51.509,-0.16101,28.057,0.96046,0.077793,-0.03754
16.5,51.509,-0.16101,28.053,0.99336,0.078335,-0.0061916
17,51.509,-0.16101,28.069,0.95832,0.083669,-0.02502
17.5,51.509,-0.16101,28.1,0.99221,0.084377,-0.055379
18,51.509,-0.16101,28.14,0.99933,0.088751,-0.07504
18.5,51.509,-0.16101,28.148,0.97977,0.075272,-0.025864
19,51.509,-0.16101,28.165,0.99282,0.087512,-0.036787
19.5,51.509,-0.16101,28.197,1.0011,0.09756,-0.059957
20,51.509,-0.161,28.231,1.0069,0.094988,-0.064696
20.5,51.509,-0.161,28.263,0.98315,0.088869,-0.060522
21,51.509,-0.161,28.289,0.98371,0.10055,-0.05215
21.5,51.509,-0.161,28.332,0.97614,0.086991,-0.07927
22,51.509,-0.161,28.339,0.99756,0.060786,-0.027801
22.5,51.509,-0.161,28.352,0.98318,0.069984,-0.027729
23,51.509,-0.161,28.372,1.0048,0.068437,-0.042333
23.5,51.509,-0.161,28.411,0.96259,0.10516,-0.063627
24,51.509,-0.161,28.425,0.98837,0.091606,-0.037851
24.5,51.509,-0.161,28.463,0.9784,0.076073,-0.067818
25,51.509,-0.161,28.495,0.99665,0.077462,-0.064794
25.5,51.509,-0.161,28.53,0.9917,0.047359,-0.068223
26,51.509,-0.161,28.568,1.0037,0.085162,-0.07296
26.5,51.51,-0.161,28.578,0.994,0.064703,-0.033013
27,51.51,-0.161,28.59,0.96453,0.07806,-0.022527
27.5,51.51,-0.161,28.595,0.98991,0.040434,-0.016633
28,51.51,-0.161,28.633,0.99014,0.0575,-0.063661
28.5,51.51,-0.161,28.651,0.98863,0.055901,-0.039942
29,51.51,-0.161,28.68,0.9902,0.046671,-0.055948
29.5,51.51,-0.16099,28.715,0.98329,0.060151,-0.064713
30,51.51,-0.16099,28.749,1.0003,0.079843,-0.067816
30.5,51.51,-0.16099,28.776,1.0024,0.072914,-0.058839
31,51.51,-0.16099,28.799,1.0054,0.07503,-0.049897
31.5,51.51,-0.16099,28.811,0.9865,0.085808,-0.028204
32,51.51,-0.16099,28.837,0.98389,0.068524,-0.04508
32.5,51.51,-0.16099,28.832,0.79679,0.067013,0.010957
33,51.51,-0.16099,28.839,0.58539,0.063321,0.0063546
33.5,51.51,-0.16099,28.868,0.38925,0.044474,-0.024032
34,51.51,-0.16099,28.875,0.17636,0.060639,0.0028751
34.5,51.51,-0.16099,28.862,0.17604,0.1156,0.021395
35,51.51,-0.16099,28.878,0.19616,0.16601,-0.020291
35.5,51.51,-0.16099,28.857,0.139,0.20307,0.033095
36,51.51,-0.16099,28.855,0.080454,0.23044,0.014305
36.5,51.51,-0.16098,28.845,0.044211,0.23916,0.022954
37,51.51,-0.16098,28.845,0.0025494,0.23519,0.0075813
37.5,51.51,-0.16098,28.827,-0.053184,0.24755,0.036711
38,51.51,-0.16098,28.793,-0.10703,0.24067,0.061743
38.5,51.51,-0.16098,28.759,-0.13465,0.18511,0.065306
39,51.51,-0.16098,28.737,-0.20298,0.15185,0.054704
39.5,51.51,-0.16097,28.719,-0.19511,0.1053,0.03988
40,51.51,-0.16097,28.693,-0.21796,0.05184,0.05126
40.5,51.51,-0.16097,28.674,-0.44142,0.068628,0.059186
41,51.51,-0.16097,28.673,-0.63703,0.011942,0.028855
41.5,51.51,-0.16097,28.65,-0.84229,0.042408,0.063265
42,51.51,-0.16097,28.606,-1.0145,0.023377,0.093207
42.5,51.51,-0.16097,28.56,-1.0213,0.035514,0.092678
43,51.51,-0.16097,28.537,-1.0189,0.041519,0.05721
43.5,51.51,-0.16097,28.51,-1.0106,0.014465,0.055371
44,51.51,-0.16097,28.46,-1.0101,0.0041875,0.089365
44.5,51.51,-0.16097,28.415,-0.99909,0.028319,0.087924
45,51.51,-0.16097,28.37,-1.0361,0.041541,0.093699
45.5,51.51,-0.16097,28.3,-1.0147,0.0093944,0.12418
46,51.51,-0.16097,28.26,-1.0363,0.027765,0.093568
46.5,51.51,-0.16097,28.205,-0.98966,-0.01045,0.10267
47,51.51,-0.16097,28.157,-1.0413,-0.0010722,0.099963
47.5,51.509,-0.16097,28.13,-1.0006,0.0010445,0.062628
48,51.509,-0.16097,28.085,-1.0203,-0.0010594,0.084219
48.5,51.509,-0.16097,28.049,-1.0383,0.025975,0.078391
49,51.509,-0.16097,28.007,-1.0068,-0.0021088,0.080366
49.5,51.509,-0.16097,27.994,-1.0289,0.053629,0.044983
50,51.509,-0.16097,27.946,-1.0397,0.019464,0.082905
50.5,51.509,-0.16097,27.921,-1.0209,0.0337,0.055982
51,51.509,-0.16097,27.89,-1.0455,0.024206,0.063266
51.5,51.509,-0.16097,27.842,-1.0189,0.02992,0.084604
52,51.509,-0.16097,27.808,-1.0092,0.038442,0.070637
52.5,51.509,-0.16097,27.771,-1.0102,0.027815,0.075596
53,51.509,-0.16097,27.746,-1.0091,0.013228,0.055246
53.5,51.509,-0.16097,27.691,-1.0475,0.025529,0.10343
54,51.509,-0.16097,27.637,-1.0334,0.01419,0.10393
54.5,51.509,-0.16097,27.571,-1.0299,0.01838,0.12315
55,51.509,-0.16097,27.534,-1.049,0.021362,0.088283
55.5,51.509,-0.16097,27.479,-1.0132,0.046025,0.10271
56,51.509,-0.16097,27.419,-1.0325,0.01529,0.11677
56.5,51.509,-0.16097,27.355,-1.0127,0.038582,0.12038
57,51.509,-0.16097,27.315,-1.0216,0.025532,0.093511
57.5,51.509,-0.16097,27.263,-1.0245,0.052087,0.10215
58,51.509,-0.16097,27.212,-1.0185,0.082342,0.10154
58.5,51.509,-0.16097,27.146,-1.026,0.044383,0.12444
59,51.509,-0.16097,27.113,-1.0567,0.025409,0.084082
59.5,51.509,-0.16097,27.054,-1.0301,0.037627,0.10785
60,51.509,-0.16097,26.996,-1.0249,0.041251,0.11117
60.5,51.509,-0.16097,26.981,-1.0437,0.0092818,0.052305
61,51.509,-0.16097,26.931,-1.0178,-0.0031784,0.088239
61.5,51.509,-0.16097,26.877,-1.0153,-0.0076751,0.10032
62,51.509,-0.16097,26.849,-1.0324,0.00036275,0.068046
62.5,51.509,-0.16097,26.795,-1.0264,0.019867,0.098416
63,51.509,-0.16097,26.76,-1.0289,-0.011167,0.075753
63.5,51.509,-0.16097,26.718,-1.0424,0.022017,0.082248
64,51.509,-0.16097,26.689,-1.0196,-0.010922,0.062721
64.5,51.509,-0.16097,26.649,-1.0069,0.00983,0.074061
65,51.509,-0.16097,26.628,-1.0484,0.020538,0.052948
65.5,51.509,-0.16097,26.573,-1.0088,0.061681,0.095347
66,51.509,-0.16096,26.537,-1.0255,0.065577,0.07656
66.5,51.509,-0.16096,26.495,-1.0328,0.03314,0.080616
67,51.509,-0.16096,26.465,-0.9991,0.024767,0.064176
67.5,51.509,-0.16096,26.425,-1.0216,0.016153,0.081105
68,51.509,-0.16096,26.388,-1.0018,0.026626,0.071817
68.5,51.509,-0.16096,26.356,-1.0065,0.020633,0.068292
69,51.509,-0.16096,26.299,-1.0245,0.017789,0.10472
69.5,51.509,-0.16096,26.265,-1.0232,0.023155,0.076096
70,51.509,-0.16096,26.222,-1.0421,0.026003,0.086781
70.5,51.509,-0.16096,26.168,-1.0316,0.025637,0.10135
71,51.509,-0.16096,26.125,-1.0297,0.029318,0.088152
71.5,51.509,-0.16096,26.096,-0.81199,0.0091711,0.049727
72,51.509,-0.16096,26.08,-0.62494,0.044576,0.023051
72.5,51.509,-0.16096,26.042,-0.40546,0.050923,0.043488
73,51.509,-0.16096,25.992,-0.22477,0.054712,0.069845
73.5,51.509,-0.16096,25.992,-0.18119,0.11565,0.013581
74,51.509,-0.16096,25.972,-0.18344,0.14429,0.035871
74.5,51.509,-0.16096,25.978,-0.14106,0.17299,-0.0038356
75,51.509,-0.16096,25.945,-0.10275,0.25896,0.051102
75.5,51.509,-0.16096,25.921,-0.046609,0.24698,0.042204
76,51.509,-0.16095,25.895,0.0059742,0.26591,0.045714
76.5,51.509,-0.16095,25.863,0.051779,0.24656,0.053529
77,51.509,-0.16095,25.83,0.10376,0.24682,0.05539
77.5,51.509,-0.16095,25.821,0.12343,0.20807,0.025251
78,51.509,-0.16095,25.826,0.15871,0.18318,0.00022736
78.5,51.509,-0.16095,25.813,0.16099,0.11135,0.015919
79,51.509,-0.16095,25.824,0.1567,0.0542,-0.013035
79.5,51.509,-0.16095,25.821,0.38965,0.065884,-0.015839
80,51.509,-0.16095,25.81,0.59326,0.065401,-0.006076
80.5,51.509,-0.16094,25.821,0.80372,0.085296,-0.034638
81,51.509,-0.16094,25.813,0.99931,0.055369,-0.014449
81.5,51.509,-0.16094,25.83,0.99972,0.06866,-0.030723
82,51.509,-0.16094,25.826,1.0034,0.070708,-0.00062326
82.5,51.509,-0.16094,25.841,1.0148,0.071998,-0.025254
83,51.509,-0.16094,25.867,0.99049,0.083187,-0.041064
83.5,51.509,-0.16094,25.879,0.97716,0.088435,-0.024126
84,51.509,-0.16094,25.896,1.0036,0.046638,-0.036714
84.5,51.509,-0.16094,25.889,1.0095,0.067109,0.0029654
85,51.509,-0.16094,25.924,1.0142,0.091531,-0.054399
85.5,51.509,-0.16094,25.973,0.98432,0.10113,-0.080931
86,51.509,-0.16094,25.974,1.0116,0.11299,-0.02452
86.5,51.509,-0.16094,26.039,0.97513,0.093139,-0.098949
87,51.509,-0.16094,26.063,0.97339,0.077553,-0.059746
87.5,51.509,-0.16094,26.079,0.99739,0.038031,-0.043084
88,51.509,-0.16094,26.096,1.0091,0.056472,-0.035964
88.5,51.509,-0.16094,26.117,0.989,0.056078,-0.037655
89,51.509,-0.16094,26.117,0.99322,0.07691,-0.0083528
89.5,51.509,-0.16094,26.102,0.99402,0.066315,0.017988
90,51.509,-0.16093,26.115,0.98069,0.10708,-0.012435
90.5,51.509,-0.16093,26.12,0.97787,0.071007,-0.010348
91,51.509,-0.16093,26.137,1.0069,0.089199,-0.02996
91.5,51.509,-0.16093,26.138,0.97628,0.057911,-0.008834
92,51.509,-0.16093,26.159,0.98584,0.085987,-0.034026
92.5,51.509,-0.16093,26.186,0.97924,0.055443,-0.048121
93,51.509,-0.16093,26.22,0.98543,0.072583,-0.062844
93.5,51.509,-0.16093,26.24,0.9938,0.090011,-0.046633
94,51.509,-0.16093,26.25,1.0218,0.10748,-0.030419
94.5,51.509,-0.16093,26.267,0.98585,0.091531,-0.031127
95,51.509,-0.16093,26.291,0.98686,0.1254,-0.040705
95.5,51.509,-0.16093,26.305,1.0043,0.074756,-0.031792
96,51.509,-0.16093,26.339,0.97015,0.073396,-0.05693
96.5,51.509,-0.16093,26.345,0.99247,0.10418,-0.02378
97,51.509,-0.16093,26.337,0.99634,0.11308,0.0034549
97.5,51.509,-0.16093,26.364,1.0218,0.091229,-0.043092
98,51.509,-0.16092,26.392,1.0002,0.10435,-0.047799
98.5,51.509,-0.16092,26.389,0.98678,0.10827,-0.0087678
99,51.509,-0.16092,26.424,0.98757,0.12904,-0.053945
99.5,51.509,-0.16092,26.445,0.98697,0.12988,-0.039997
100,51.509,-0.16092,26.475,1.0001,0.071632,-0.05828
100.5,51.509,-0.16092,26.492,0.98779,0.10284,-0.037505
101,51.509,-0.16092,26.501,0.98468,0.060845,-0.025075
101.5,51.509,-0.16092,26.517,0.97079,0.094275,-0.030216
102,51.509,-0.16092,26.54,0.99332,0.093254,-0.042053
102.5,51.509,-0.16092,26.537,1.0218,0.077555,-0.0099597
103,51.509,-0.16092,26.582,0.99618,0.12715,-0.069217
103.5,51.509,-0.16092,26.602,1.005,0.062101,-0.047249
104,51.509,-0.16092,26.61,1.0133,0.06288,-0.026968
104.5,51.509,-0.16092,26.62,0.96829,0.06189,-0.017744
105,51.509,-0.16092,26.638,1.0027,0.06316,-0.033829
105.5,51.509,-0.16092,26.659,1.0082,0.059359,-0.039745
106,51.51,-0.16091,26.684,1.0136,0.086174,-0.047131
106.5,51.51,-0.16091,26.673,0.99805,0.08514,0.0024616
107,51.51,-0.16091,26.688,0.99516,0.091345,-0.022346
107.5,51.51,-0.16091,26.718,1.0117,0.096522,-0.05125
108,51.51,-0.16091,26.752,0.99894,0.086494,-0.059999
108.5,51.51,-0.16091,26.759,1.0182,0.074885,-0.0271
109,51.51,-0.16091,26.786,1.0128,0.074375,-0.049803
109.5,51.51,-0.16091,26.829,0.99576,0.078801,-0.073924
110,51.51,-0.16091,26.847,1.0148,0.049542,-0.045834
110.5,51.51,-0.16091,26.872,0.81752,0.06443,-0.034905
111,51.51,-0.16091,26.888,0.6013,0.062414,-0.015757
111.5,51.51,-0.16091,26.906,0.38763,0.0669,-0.014587
112,51.51,-0.16091,26.908,0.17331,0.047665,0.011605
112.5,51.51,-0.16091,26.9,0.15583,0.11015,0.016687
113,51.51,-0.16091,26.904,0.16289,0.18157,0.00011704
113.5,51.51,-0.1609,26.911,0.098584,0.2242,-0.0051459
114,51.51,-0.1609,26.859,0.11546,0.21365,0.075096
114.5,51.51,-0.1609,26.878,0.049284,0.26308,-0.0041778
115,51.51,-0.1609,26.871,-0.013587,0.26298,0.018899
115.5,51.51,-0.1609,26.855,-0.052735,0.2319,0.031521
116,51.51,-0.1609,26.86,-0.11853,0.21385,0.006704
116.5,51.51,-0.16089,26.863,-0.15657,0.20215,0.0025402
117,51.51,-0.16089,26.839,-0.17909,0.14642,0.03569
117.5,51.51,-0.16089,26.812,-0.21658,0.1004,0.050621
118,51.51,-0.16089,26.806,-0.21101,0.059289,0.020278
118.5,51.51,-0.16089,26.788,-0.4135,0.049677,0.0471
119,51.51,-0.16089,26.762,-0.62414,0.053926,0.065775
119.5,51.51,-0.16089,26.737,-0.81844,0.071665,0.071626
120,51.51,-0.16089,26.701,-1.0028,0.034477,0.088351
120.5,51.51,-0.16089,26.689,-1.0316,0.020175,0.044088
121,51.51,-0.16089,26.643,-1.0316,0.0085589,0.083354
121.5,51.51,-0.16089,26.591,-1.0283,0.053093,0.099225
122,51.51,-0.16089,26.56,-1.0112,0.031037,0.070367
122.5,51.51,-0.16089,26.489,-1.0227,0.031136,0.1256
123,51.51,-0.16089,26.44,-1.0238,-0.0082848,0.09923
123.5,51.51,-0.16089,26.416,-1.0113,0.0089533,0.060867
124,51.509,-0.16089,26.383,-1.0257,0.0053231,0.067836
124.5,51.509,-0.16089,26.336,-1.0259,-0.0066848,0.085301
125,51.509,-0.16089,26.286,-1.0176,-0.021418,0.093608
125.5,51.509,-0.16089,26.236,-1.0143,0.014062,0.098908
126,51.509,-0.16089,26.213,-1.0296,0.022793,0.063495
126.5,51.509,-0.16089,26.175,-1.0325,0.048715,0.075886
127,51.509,-0.16089,26.124,-1.004,0.020911,0.093203
127.5,51.509,-0.16089,26.084,-0.99603,0.037201,0.081018
128,51.509,-0.16089,26.027,-1.0034,0.015703,0.10672
128.5,51.509,-0.16089,25.967,-0.99885,0.054502,0.11672
129,51.509,-0.16089,25.931,-1.0249,0.026341,0.084475
129.5,51.509,-0.16089,25.897,-0.99958,0.0072259,0.070875
130,51.509,-0.16089,25.869,-1.0371,0.0072998,0.063726
130.5,51.509,-0.16089,25.817,-1.0385,0.012873,0.094326
131,51.509,-0.16089,25.761,-1.0266,0.0084377,0.1035
131.5,51.509,-0.16089,25.7,-1.0117,0.0083233,0.11486
132,51.509,-0.16089,25.679,-1.0388,0.01529,0.063829
132.5,51.509,-0.16089,25.598,-1.0024,0.045928,0.13323
133,51.509,-0.16089,25.564,-1.0351,0.045258,0.087417
133.5,51.509,-0.16089,25.537,-1.0165,0.062967,0.063177
134,51.509,-0.16089,25.478,-1.0212,0.067756,0.10376
134.5,51.509,-0.16089,25.448,-1.0011,0.055492,0.0693
135,51.509,-0.16088,25.414,-0.9984,0.03951,0.070838
135.5,51.509,-0.16088,25.375,-1.0137,0.013756,0.075931
136,51.509,-0.16088,25.316,-1.0265,0.018979,0.10844
136.5,51.509,-0.16088,25.26,-1.019,0.039809,0.10748
137,51.509,-0.16088,25.229,-1.0316,0.037217,0.073806
137.5,51.509,-0.16088,25.171,-1.0224,0.038548,0.10888
138,51.509,-0.16088,25.114,-1.0077,0.028108,0.10918
138.5,51.509,-0.16088,25.079,-1.0162,0.046868,0.079463
139,51.509,-0.16088,25.054,-1.0177,0.043398,0.059623
139.5,51.509,-0.16088,25.004,-1.0132,0.041161,0.087999
140,51.509,-0.16088,24.958,-1.0381,0.044108,0.092063
140.5,51.509,-0.16088,24.928,-1.0409,0.040549,0.068871
141,51.509,-0.16088,24.897,-1.0179,0.043687,0.064709
141.5,51.509,-0.16088,24.823,-0.99829,0.0074073,0.1235
142,51.509,-0.16088,24.781,-1.0409,0.01461,0.096456
142.5,51.509,-0.16088,24.737,-1.0333,0.037601,0.093329
143,51.509,-0.16088,24.658,-1.0374,0.011652,0.13907
143.5,51.509,-0.16088,24.605,-1.0176,0.011431,0.11096
144,51.509,-0.16088,24.557,-0.99602,0.022501,0.098445
144.5,51.509,-0.16088,24.529,-1.0372,0.028668,0.070544
145,51.509,-0.16088,24.51,-1.0212,0.041568,0.048036
145.5,51.509,-0.16088,24.473,-1.0283,0.01657,0.069413
146,51.509,-0.16088,24.447,-1.0505,0.044687,0.057831
146.5,51.509,-0.16088,24.404,-1.0218,0.007972,0.074311
147,51.509,-0.16088,24.355,-0.98932,0.041743,0.08768
147.5,51.509,-0.16088,24.311,-1.0456,0.03292,0.092237
148,51.509,-0.16088,24.283,-1.0235,0.050249,0.067202
148.5,51.509,-0.16088,24.239,-1.0339,0.030532,0.083395
149,51.509,-0.16088,24.183,-1.0292,0.038999,0.1046
149.5,51.509,-0.16088,24.121,-0.83547,0.036348,0.10272
150,51.509,-0.16088,24.106,-0.63785,0.039647,0.032938
150.5,51.509,-0.16088,24.041,-0.40417,0.026101,0.08677
151,51.509,-0.16088,24.017,-0.22448,0.013563,0.039807
151.5,51.509,-0.16088,23.984,-0.19052,0.084503,0.060517
152,51.509,-0.16088,23.971,-0.16666,0.17071,0.034094
152.5,51.509,-0.16087,23.967,-0.14363,0.1719,0.014805
153,51.509,-0.16087,23.948,-0.10954,0.2248,0.033122
153.5,51.509,-0.16087,23.935,-0.063661,0.2395,0.026312
154,51.509,-0.16087,23.911,-0.016026,0.23697,0.036656
154.5,51.509,-0.16087,23.891,0.040421,0.26121,0.034462
155,51.509,-0.16087,23.883,0.094268,0.23291,0.013498
155.5,51.509,-0.16087,23.858,0.12804,0.20111,0.038586
156,51.509,-0.16086,23.849,0.16926,0.16104,0.015482
156.5,51.509,-0.16086,23.84,0.16185,0.1125,0.017834
157,51.509,-0.16086,23.839,0.18452,0.063779,0.0060981
157.5,51.509,-0.16086,23.845,0.3996,0.053822,-0.025122
158,51.509,-0.16086,23.828,0.5885,0.050104,0.0055047
158.5,51.509,-0.16086,23.829,0.80869,0.060746,-0.021584
159,51.509,-0.16086,23.833,0.99305,0.076521,-0.027144
159.5,51.509,-0.16086,23.854,0.98437,0.086933,-0.03588
160,51.509,-0.16086,23.873,1.0027,0.068301,-0.040045
160.5,51.509,-0.16086,23.903,1.009,0.091866,-0.055207
161,51.509,-0.16086,23.939,1.0083,0.099907,-0.06611
161.5,51.509,-0.16086,23.944,0.99267,0.10367,-0.023357
162,51.509,-0.16086,23.957,0.98928,0.10451,-0.027001
162.5,51.509,-0.16086,23.975,1.0034,0.09818,-0.034202
163,51.509,-0.16086,23.984,1.0062,0.075053,-0.023095
163.5,51.509,-0.16085,23.996,0.97873,0.10261,-0.018947
164,51.509,-0.16085,23.995,1.0157,0.077791,-0.0078766
164.5,51.509,-0.16085,23.994,1.0074,0.088325,-0.0046213
165,51.509,-0.16085,24.009,0.99882,0.08541,-0.019809
165.5,51.509,-0.16085,24.012,1.0032,0.0949,-0.010692
166,51.509,-0.16085,24.046,1.0201,0.10782,-0.056606
166.5,51.509,-0.16085,24.102,0.99221,0.082399,-0.093917
167,51.509,-0.16085,24.118,0.98932,0.10892,-0.044397
167.5,51.509,-0.16085,24.143,0.97981,0.08756,-0.051914
168,51.509,-0.16085,24.188,0.99629,0.094688,-0.078046
168.5,51.509,-0.16085,24.192,0.99786,0.07824,-0.025704
169,51.509,-0.16085,24.203,1.0147,0.067649,-0.027482
169.5,51.509,-0.16085,24.234,0.99762,0.082597,-0.053046
170,51.509,-0.16085,24.26,0.98062,0.080939,-0.04711
170.5,51.509,-0.16085,24.291,1.0009,0.077867,-0.059742
171,51.509,-0.16085,24.294,0.96941,0.085205,-0.014903
171.5,51.509,-0.16085,24.301,0.97256,0.077328,-0.019031
172,51.509,-0.16084,24.322,0.98944,0.083762,-0.035866
172.5,51.509,-0.16084,24.313,0.99061,0.090282,0.0029744
173,51.509,-0.16084,24.351,0.9776,0.11396,-0.053707
173.5,51.509,-0.16084,24.367,0.98896,0.087095,-0.037673
174,51.509,-0.16084,24.38,1.001,0.10246,-0.029358
174.5,51.509,-0.16084,24.392,1.01,0.10495,-0.028489
175,51.509,-0.16084,24.408,0.96916,0.074382,-0.026672
175.5,51.509,-0.16084,24.415,1.007,0.081116,-0.019007
176,51.509,-0.16084,24.447,1.0124,0.12083,-0.052924
176.5,51.509,-0.16084,24.449,1.0142,0.080136,-0.017329
177,51.509,-0.16084,24.475,0.97694,0.096205,-0.037965
177.5,51.509,-0.16084,24.494,0.99282,0.12114,-0.039387
178,51.509,-0.16084,24.518,1.0143,0.11135,-0.049887
178.5,51.509,-0.16084,24.537,0.99743,0.10425,-0.037206
179,51.509,-0.16083,24.566,0.98874,0.11937,-0.050922
179.5,51.509,-0.16083,24.595,0.96629,0.10167,-0.054453
180,51.509,-0.16083,24.624,0.99063,0.083504,-0.058632
180.5,51.509,-0.16083,24.641,0.98621,0.097166,-0.040331
181,51.509,-0.16083,24.637,0.98405,0.093278,-0.0041283
181.5,51.509,-0.16083,24.647,0.98737,0.07628,-0.016741
182,51.509,-0.16083,24.665,0.99247,0.0824,-0.029522
182.5,51.509,-0.16083,24.678,0.97544,0.07669,-0.024156
183,51.509,-0.16083,24.688,0.99936,0.10693,-0.024039
183.5,51.509,-0.16083,24.712,1.0067,0.091046,-0.041291
184,51.509,-0.16083,24.703,0.97189,0.082515,0.0048706
184.5,51.509,-0.16083,24.704,0.97593,0.09621,-0.0017294
185,51.51,-0.16083,24.729,1.0073,0.067449,-0.04001
185.5,51.51,-0.16083,24.708,1.0049,0.05231,0.020923
186,51.51,-0.16083,24.735,0.99263,0.077053,-0.032212
186.5,51.51,-0.16083,24.749,0.99174,0.086507,-0.026206
187,51.51,-0.16082,24.793,0.94668,0.07061,-0.065898
187.5,51.51,-0.16082,24.798,1.0192,0.08202,-0.028995
188,51.51,-0.16082,24.816,1.0021,0.088562,-0.032534
188.5,51.51,-0.16082,24.812,0.79125,0.078376,0.013184
189,51.51,-0.16082,24.83,0.59297,0.079111,-0.010825
189.5,51.51,-0.16082,24.847,0.38638,0.057439,-0.009933
190,51.51,-0.16082,24.844,0.16982,0.03682,0.016848
190.5,51.51,-0.16082,24.828,0.19411,0.10644,0.032659
191,51.51,-0.16082,24.823,0.16594,0.16849,0.015296
191.5,51.51,-0.16082,24.82,0.12713,0.20339,0.013906
192,51.51,-0.16082,24.801,0.10412,0.2461,0.035514
192.5,51.51,-0.16081,24.805,0.071026,0.24951,0.0043417
193,51.51,-0.16081,24.791,0.0074124,0.23991,0.028978
193.5,51.51,-0.16081,24.765,-0.056192,0.24274,0.05018
194,51.51,-0.16081,24.774,-0.12996,0.22409,0.0059161
194.5,51.51,-0.16081,24.765,-0.15742,0.19498,0.017794
195,51.51,-0.16081,24.735,-0.16062,0.14764,0.045592
195.5,51.51,-0.16081,24.717,-0.20995,0.13013,0.04023
196,51.51,-0.16081,24.689,-0.2052,0.048768,0.049729
196.5,51.51,-0.1608,24.667,-0.43308,0.045653,0.059846
197,51.51,-0.1608,24.673,-0.62384,0.045223,0.024312
197.5,51.51,-0.1608,24.639,-0.83245,0.027202,0.076671
198,51.51,-0.1608,24.614,-1.0502,0.022804,0.075061
198.5,51.51,-0.1608,24.542,-1.0335,0.040459,0.12501
199,51.51,-0.1608,24.497,-0.99957,0.0026869,0.09456
199.5,51.51,-0.1608,24.453,-1.0186,0.0053617,0.093088
200,51.51,-0.1608,24.407,-1.018,0.027618,0.093858
200.5,51.51,-0.1608,24.367,-1.0424,0.015433,0.084839
201,51.509,-0.1608,24.322,-1.0399,0.035953,0.08878
201.5,51.509,-0.1608,24.269,-1.0216,0.04279,0.10292
202,51.509,-0.1608,24.22,-1.016,0.039454,0.097324
202.5,51.509,-0.1608,24.182,-1.0335,0.041465,0.08219
203,51.509,-0.1608,24.146,-1.0364,0.018524,0.076357
203.5,51.509,-0.1608,24.119,-1.0294,0.027974,0.05874
204,51.509,-0.1608,24.07,-1.0217,0.040418,0.086856
204.5,51.509,-0.1608,24.05,-1.0192,0.044666,0.051793
205,51.509,-0.1608,24.031,-1.0017,0.033693,0.042266
205.5,51.509,-0.1608,23.958,-1.0094,0.029277,0.11771
206,51.509,-0.1608,23.925,-1.0351,0.012438,0.078809
206.5,51.509,-0.1608,23.896,-1.0088,0.0050232,0.062572
207,51.509,-0.1608,23.862,-1.014,0.00067399,0.067274
207.5,51.509,-0.1608,23.834,-1.0138,0.0003837,0.059542
208,51.509,-0.1608,23.802,-1.0191,0.013489,0.064908
208.5,51.509,-0.1608,23.774,-1.0176,-0.014483,0.056764
209,51.509,-0.1608,23.711,-1.017,0.024453,0.10836
209.5,51.509,-0.1608,23.673,-1.0306,0.014536,0.083248
210,51.509,-0.1608,23.622,-1.0306,0.040812,0.097732
210.5,51.509,-0.1608,23.592,-1.023,0.051182,0.069985
211,51.509,-0.1608,23.565,-1.03,0.01295,0.058795
211.5,51.509,-0.1608,23.515,-1.0381,0.050059,0.089869
212,51.509,-0.1608,23.468,-1.0237,0.014035,0.087898
212.5,51.509,-0.1608,23.452,-1.0203,0.020053,0.048882
213,51.509,-0.1608,23.376,-1.0097,-0.019695,0.12749
213.5,51.509,-0.1608,23.336,-1.012,0.016936,0.088981
214,51.509,-0.1608,23.27,-1.0291,0.024986,0.12509
214.5,51.509,-0.1608,23.205,-1.0171,0.031272,0.1279
215,51.509,-0.1608,23.162,-0.99901,0.0244,0.095195
215.5,51.509,-0.1608,23.117,-1.0217,0.0092603,0.095898
216,51.509,-0.1608,23.073,-1.0199,0.0035992,0.08849
216.5,51.509,-0.1608,23.012,-1.0262,0.012804,0.11383
217,51.509,-0.1608,22.977,-1.0108,-0.0018213,0.079195
217.5,51.509,-0.1608,22.941,-1.0351,0.013021,0.077874
218,51.509,-0.1608,22.911,-1.0144,0.031402,0.062464
218.5,51.509,-0.1608,22.885,-1.0135,0.00066351,0.056014
219,51.509,-0.1608,22.833,-1.0355,0.033028,0.093535
219.5,51.509,-0.1608,22.78,-1.0338,0.026839,0.098224
220,51.509,-0.1608,22.746,-0.998,0.0084162,0.072722
220.5,51.509,-0.1608,22.695,-1.0393,0.032176,0.098617
221,51.509,-0.1608,22.684,-1.0194,0.006863,0.040197
221.5,51.509,-0.1608,22.64,-1.0145,0.011482,0.078718
222,51.509,-0.1608,22.598,-1.0209,0.038067,0.083211
222.5,51.509,-0.1608,22.553,-1.0266,0.013833,0.087444
223,51.509,-0.1608,22.504,-1.0259,0.0077048,0.096786
223.5,51.509,-0.1608,22.467,-1.0244,0.0030702,0.080317
224,51.509,-0.1608,22.411,-1.0154,0.012731,0.103
224.5,51.509,-0.1608,22.358,-1.0228,0.016284,0.10347
225,51.509,-0.1608,22.312,-1.0216,0.026428,0.094836
225.5,51.509,-0.1608,22.271,-1.0196,0.01722,0.085915
226,51.509,-0.1608,22.213,-1.0336,0.015234,0.10871
226.5,51.509,-0.1608,22.162,-1.0185,0.018281,0.10036
227,51.509,-0.1608,22.101,-1.0202,0.015099,0.11358
227.5,51.509,-0.1608,22.078,-0.83105,0.040386,0.052814
228,51.509,-0.1608,22.023,-0.63537,0.036301,0.08148
228.5,51.509,-0.1608,22.004,-0.43117,0.040068,0.02857
229,51.509,-0.16079,21.957,-0.21777,0.032445,0.062388
229.5,51.509,-0.16079,21.937,-0.19715,0.12116,0.04524
230,51.509,-0.16079,21.913,-0.20135,0.15748,0.047323
230.5,51.509,-0.16079,21.887,-0.17088,0.19418,0.048436
231,51.509,-0.16079,21.874,-0.093522,0.2369,0.0285
231.5,51.509,-0.16079,21.866,-0.059386,0.24804,0.016757
232,51.509,-0.16079,21.869,-0.0064459,0.25461,-0.0020088
232.5,51.509,-0.16078,21.868,0.04685,0.26874,-0.0022185
233,51.509,-0.16078,21.831,0.10958,0.23316,0.044642
233.5,51.509,-0.16078,21.833,0.11848,0.20574,0.005447
234,51.509,-0.16078,21.817,0.15834,0.15908,0.020699
234.5,51.509,-0.16078,21.824,0.17064,0.11453,-0.0069083
235,51.509,-0.16078,21.778,0.17462,0.044512,0.065162
235.5,51.509,-0.16078,21.785,0.39129,0.060375,-0.012871
236,51.509,-0.16078,21.791,0.60147,0.076418,-0.027407
236.5,51.509,-0.16078,21.789,0.80518,0.070799,-0.019909
237,51.509,-0.16078,21.798,1.0042,0.1011,-0.037232
237.5,51.509,-0.16078,21.832,0.99257,0.096224,-0.059478
238,51.509,-0.16078,21.864,0.98488,0.10839,-0.06061
238.5,51.509,-0.16077,21.881,0.98712,0.09647,-0.04077
239,51.509,-0.16077,21.893,0.98212,0.054027,-0.028816
239.5,51.509,-0.16077,21.897,0.98972,0.070739,-0.013709
240,51.509,-0.16077,21.901,0.98971,0.071011,-0.0085451
240.5,51.509,-0.16077,21.905,0.98798,0.085302,-0.0077505
241,51.509,-0.16077,21.926,0.9749,0.087504,-0.031518
241.5,51.509,-0.16077,21.929,0.99543,0.088267,-0.015615
242,51.509,-0.16077,21.938,0.96382,0.089428,-0.01332
242.5,51.509,-0.16077,21.97,0.97889,0.11429,-0.048784
243,51.509,-0.16077,21.983,1.0017,0.098338,-0.034129
243.5,51.509,-0.16077,21.991,1.0018,0.066716,-0.023161
244,51.509,-0.16077,21.998,0.99963,0.099137,-0.01627
244.5,51.509,-0.16077,22.005,0.97859,0.091433,-0.013305
245,51.509,-0.16077,21.996,0.99778,0.085683,0.0047129
245.5,51.509,-0.16077,22.012,1.0027,0.062508,-0.02413
246,51.509,-0.16077,22.043,0.96301,0.10611,-0.044849
246.5,51.509,-0.16077,22.032,0.9897,0.085698,0.0018403
247,51.509,-0.16076,22.064,0.9914,0.090511,-0.04835
247.5,51.509,-0.16076,22.075,0.97551,0.094669,-0.023546
248,51.509,-0.16076,22.085,0.99248,0.081148,-0.024087
248.5,51.509,-0.16076,22.104,0.96638,0.082237,-0.033707
249,51.509,-0.16076,22.129,0.99305,0.076823,-0.049064
249.5,51.509,-0.16076,22.157,0.98226,0.066498,-0.053526
250,51.509,-0.16076,22.198,0.99462,0.065428,-0.073224
250.5,51.509,-0.16076,22.21,0.96384,0.060972,-0.032638
251,51.509,-0.16076,22.234,0.9897,0.059729,-0.04756
251.5,51.509,-0.16076,22.23,1.0072,0.067701,-0.0070189
252,51.509,-0.16076,22.247,0.995,0.072875,-0.026399
252.5,51.509,-0.16076,22.247,1.0022,0.08616,-0.0041636
253,51.509,-0.16076,22.267,0.96995,0.076838,-0.028551
253.5,51.509,-0.16076,22.308,0.97323,0.093668,-0.066165
254,51.509,-0.16076,22.3,1.0067,0.065207,-0.0069756
254.5,51.509,-0.16076,22.322,0.98078,0.067201,-0.035809
255,51.509,-0.16076,22.332,0.98467,0.085741,-0.022787
255.5,51.509,-0.16076,22.334,1.008,0.081345,-0.013918
256,51.509,-0.16075,22.357,1.0025,0.088837,-0.038738
256.5,51.509,-0.16075,22.384,0.99062,0.11036,-0.046243
257,51.509,-0.16075,22.372,1.0092,0.090042,0.0027481
257.5,51.509,-0.16075,22.399,0.9955,0.10382,-0.039807
258,51.509,-0.16075,22.403,0.97867,0.067494,-0.012402
258.5,51.509,-0.16075,22.427,1.0075,0.084283,-0.039427
259,51.509,-0.16075,22.453,0.97113,0.10343,-0.042872
259.5,51.509,-0.16075,22.46,0.99557,0.098244,-0.024989
260,51.509,-0.16075,22.479,1.0063,0.10681,-0.037639
260.5,51.509,-0.16075,22.498,0.99473,0.11885,-0.033221
261,51.509,-0.16075,22.502,1.0154,0.13938,-0.01723
261.5,51.509,-0.16075,22.508,1.0067,0.12859,-0.013625
262,51.509,-0.16075,22.542,1.0064,0.14928,-0.050244
262.5,51.509,-0.16074,22.574,1.0038,0.13094,-0.058244
263,51.509,-0.16074,22.577,1.0123,0.14062,-0.019862
263.5,51.509,-0.16074,22.593,0.9916,0.11777,-0.030856
264,51.51,-0.16074,22.614,0.97885,0.10562,-0.037235
264.5,51.51,-0.16074,22.613,0.99399,0.10849,-0.010791
265,51.51,-0.16074,22.656,0.9725,0.086577,-0.064387
265.5,51.51,-0.16074,22.689,0.97675,0.086011,-0.063665
266,51.51,-0.16074,22.709,0.99605,0.11267,-0.046302
266.5,51.51,-0.16074,22.716,0.80288,0.084689,-0.0091026
267,51.51,-0.16074,22.747,0.60556,0.061137,-0.031926
267.5,51.51,-0.16074,22.747,0.39549,0.093278,0.010043
268,51.51,-0.16074,22.75,0.19172,0.05611,0.010196
268.5,51.51,-0.16074,22.763,0.18587,0.077904,-0.012927
269,51.51,-0.16073,22.757,0.14864,0.16328,0.015551
269.5,51.51,-0.16073,22.746,0.15851,0.20908,0.017886
270,51.51,-0.16073,22.74,0.089259,0.25596,0.020369
270.5,51.51,-0.16073,22.726,0.048122,0.23944,0.028552
271,51.51,-0.16073,22.731,-0.0087594,0.26792,0.0060499
271.5,51.51,-0.16073,22.716,-0.049853,0.2462,0.026569
272,51.51,-0.16072,22.702,-0.12688,0.26544,0.033704
272.5,51.51,-0.16072,22.712,-0.14816,0.20721,-0.0020288
273,51.51,-0.16072,22.699,-0.20137,0.157,0.020965
273.5,51.51,-0.16072,22.677,-0.17878,0.07393,0.032855
274,51.51,-0.16072,22.684,-0.20955,0.052848,-0.0016277
274.5,51.51,-0.16072,22.663,-0.42417,0.041215,0.047983
275,51.51,-0.16072,22.656,-0.60988,0.040308,0.038442
275.5,51.51,-0.16072,22.617,-0.82045,0.016048,0.084018
276,51.51,-0.16072,22.59,-1.027,0.017437,0.076591
276.5,51.51,-0.16072,22.535,-1.0476,0.012909,0.10486
277,51.51,-0.16072,22.479,-1.036,0.043145,0.10877
277.5,51.51,-0.16072,22.448,-1.0271,0.033642,0.075348
278,51.509,-0.16072,22.414,-1.0312,0.031329,0.073475
278.5,51.509,-0.16072,22.37,-1.007,0.028994,0.079745
279,51.509,-0.16072,22.318,-1.0296,0.015476,0.09751
279.5,51.509,-0.16072,22.258,-1.0332,0.027285,0.11465
280,51.509,-0.16072,22.202,-1.0342,0.017839,0.11222
280.5,51.509,-0.16072,22.166,-1.0206,0.021176,0.083586
281,51.509,-0.16072,22.131,-1.0121,0.028369,0.074128
281.5,51.509,-0.16072,22.059,-1.0121,0.028433,0.12486
282,51.509,-0.16072,22.008,-1.0077,0.0071118,0.10588
282.5,51.509,-0.16072,21.933,-1.0151,0.025301,0.13951
283,51.509,-0.16072,21.9,-1.0239,0.010907,0.085875
283.5,51.509,-0.16072,21.869,-1.0245,0.022079,0.072904
284,51.509,-0.16072,21.816,-1.0219,0.030253,0.093066
284.5,51.509,-0.16072,21.783,-1.0235,0.0373,0.073189
285,51.509,-0.16072,21.744,-1.0088,0.061766,0.077562
285.5,51.509,-0.16072,21.708,-1.0164,0.064713,0.076199
286,51.509,-0.16071,21.666,-1.0148,0.071633,0.083197
286.5,51.509,-0.16071,21.635,-1.015,0.041913,0.067001
287,51.509,-0.16071,21.574,-1.0374,0.062838,0.11213
287.5,51.509,-0.16071,21.504,-1.012,0.049229,0.12659
288,51.509,-0.16071,21.478,-1.0472,0.053392,0.07651
288.5,51.509,-0.16071,21.438,-1.0299,0.028454,0.081509
289,51.509,-0.16071,21.395,-1.0287,0.044806,0.083474
289.5,51.509,-0.16071,21.353,-1.0276,0.032007,0.082302
290,51.509,-0.16071,21.32,-1.0322,0.010838,0.071282
290.5,51.509,-0.16071,21.281,-1.0315,0.023974,0.076685
291,51.509,-0.16071,21.241,-1.0458,0.027351,0.081039
291.5,51.509,-0.16071,21.177,-1.0136,0.02131,0.11318
292,51.509,-0.16071,21.137,-1.0396,0.0059474,0.087752
292.5,51.509,-0.16071,21.105,-1.0389,0.0097308,0.071508
293,51.509,-0.16071,21.051,-1.0258,0.012772,0.09802
293.5,51.509,-0.16071,21.004,-1.016,-0.0034813,0.093119
294,51.509,-0.16071,20.96,-0.99764,-0.013065,0.088294
294.5,51.509,-0.16071,20.957,-1.0217,-0.00067922,0.030891
295,51.509,-0.16071,20.917,-1.0111,-0.010964,0.068623
295.5,51.509,-0.16071,20.882,-1.0037,-0.017915,0.065863
296,51.509,-0.16071,20.885,-1.0345,-0.022675,0.019522
296.5,51.509,-0.16071,20.856,-1.0044,0.0088209,0.050547
297,51.509,-0.16071,20.815,-1.0222,0.046284,0.072039
297.5,51.509,-0.16071,20.78,-0.98435,0.010858,0.067802
298,51.509,-0.16071,20.751,-1.0398,0.0041688,0.066285
298.5,51.509,-0.16071,20.701,-1.0415,-0.0046841,0.091677
299,51.509,-0.16071,20.642,-1.0065,0.0068034,0.10788
299.5,51.509,-0.16071,20.575,-1.0113,-0.024327,0.12382
300,51.509,-0.16071,20.545,-1.007,-0.023683,0.075148
300.5,51.509,-0.16071,20.505,-1.0441,0.011195,0.087887
301,51.509,-0.16071,20.454,-1.0223,0.017585,0.095035
301.5,51.509,-0.16071,20.448,-1.015,-0.0090039,0.033419
302,51.509,-0.16071,20.398,-1.0136,0.0040726,0.083245
302.5,51.509,-0.16071,20.368,-1.0094,0.022109,0.064691
303,51.509,-0.16071,20.323,-0.99181,0.029485,0.08189
303.5,51.509,-0.16071,20.28,-1.0265,0.003328,0.08849
304,51.509,-0.16071,20.227,-0.99474,0.01154,0.097003
304.5,51.509,-0.16071,20.182,-1.0551,0.015406,0.10111
305,51.509,-0.16071,20.149,-1.028,0.030652,0.075183
305.5,51.509,-0.16071,20.09,-0.79874,0.028449,0.090638
306,51.509,-0.16071,20.07,-0.6332,0.046089,0.039531
306.5,51.509,-0.16071,20.032,-0.4244,0.011764,0.047443
307,51.509,-0.16071,20.004,-0.21133,0.03713,0.034714
307.5,51.509,-0.16071,19.982,-0.20527,0.10642,0.04213
308,51.509,-0.16071,19.954,-0.17099,0.14118,0.051284
308.5,51.509,-0.16071,19.947,-0.13378,0.19561,0.022124
309,51.509,-0.16071,19.939,-0.099431,0.23606,0.017513
309.5,51.509,-0.1607,19.928,-0.066705,0.24918,0.019837
310,51.509,-0.1607,19.902,-0.0089184,0.22953,0.036174
310.5,51.509,-0.1607,19.878,0.055752,0.25345,0.040686
311,51.509,-0.1607,19.874,0.070661,0.24954,0.015041
311.5,51.509,-0.1607,19.866,0.10629,0.20261,0.01325
312,51.509,-0.1607,19.863,0.17397,0.16561,0.00044996
312.5,51.509,-0.1607,19.852,0.15585,0.13331,0.018006
313,51.509,-0.16069,19.854,0.16116,0.072624,-0.0015084
313.5,51.509,-0.16069,19.84,0.38329,0.070146,0.0011865
314,51.509,-0.16069,19.849,0.5863,0.086856,-0.027758
314.5,51.509,-0.16069,19.847,0.76791,0.084554,-0.018571
315,51.509,-0.16069,19.855,0.98121,0.089999,-0.032739
315.5,51.509,-0.16069,19.869,0.98426,0.090668,-0.031802
316,51.509,-0.16069,19.898,0.98073,0.11675,-0.050754
316.5,51.509,-0.16069,19.904,1.0033,0.087492,-0.028333
317,51.509,-0.16069,19.919,1.01,0.098473,-0.028061
317.5,51.509,-0.16069,19.944,0.99333,0.11227,-0.041066
318,51.509,-0.16069,19.979,0.99089,0.10089,-0.061265
318.5,51.509,-0.16069,19.996,0.99772,0.093574,-0.040509
319,51.509,-0.16069,20.009,0.99703,0.087204,-0.031635
319.5,51.509,-0.16069,20.04,0.98679,0.085672,-0.054366
320,51.509,-0.16069,20.076,1.0109,0.093998,-0.069637
320.5,51.509,-0.16068,20.094,1.0043,0.089294,-0.041351
321,51.509,-0.16068,20.115,1.0012,0.075613,-0.04242
321.5,51.509,-0.16068,20.136,0.97473,0.084966,-0.04072
322,51.509,-0.16068,20.138,0.96456,0.09062,-0.011764
322.5,51.509,-0.16068,20.136,0.99054,0.074368,-0.007317
323,51.509,-0.16068,20.119,0.98975,0.066059,0.023103
323.5,51.509,-0.16068,20.124,0.99844,0.074858,-0.0048467
324,51.509,-0.16068,20.143,0.97605,0.090879,-0.024079
324.5,51.509,-0.16068,20.154,0.99529,0.07292,-0.021449
325,51.509,-0.16068,20.173,1.0093,0.050134,-0.034539
325.5,51.509,-0.16068,20.177,1.004,0.068584,-0.014979
326,51.509,-0.16068,20.191,0.98962,0.11278,-0.020791
326.5,51.509,-0.16068,20.18,1.0109,0.076742,0.0082366
327,51.509,-0.16068,20.178,1.0188,0.082574,0.0010173
327.5,51.509,-0.16068,20.176,1.0047,0.081426,0.0045737
328,51.509,-0.16068,20.215,0.95517,0.077833,-0.047001
328.5,51.509,-0.16068,20.226,0.99558,0.084914,-0.032004
329,51.509,-0.16068,20.244,0.97194,0.073763,-0.035193
329.5,51.509,-0.16067,20.255,1.0034,0.074582,-0.027302
330,51.509,-0.16067,20.277,1.0145,0.10386,-0.041109
330.5,51.509,-0.16067,20.311,0.98777,0.10834,-0.057817
331,51.509,-0.16067,20.323,0.98469,0.11172,-0.033634
331.5,51.509,-0.16067,20.343,1.0213,0.11777,-0.041298
332,51.509,-0.16067,20.369,0.97827,0.087949,-0.044503
332.5,51.509,-0.16067,20.391,0.98776,0.099674,-0.045627
333,51.509,-0.16067,20.397,1.003,0.067001,-0.022839
333.5,51.509,-0.16067,20.438,0.98198,0.094482,-0.064597
334,51.509,-0.16067,20.438,0.9858,0.090547,-0.015514
334.5,51.509,-0.16067,20.439,1.0076,0.077329,-0.011077
335,51.509,-0.16067,20.449,0.98596,0.092881,-0.013319
335.5,51.509,-0.16067,20.453,0.99019,0.099189,-0.0081911
336,51.509,-0.16067,20.472,0.98442,0.091339,-0.031823
336.5,51.509,-0.16066,20.499,0.97675,0.10908,-0.043441
337,51.509,-0.16066,20.517,1.0114,0.088916,-0.043742
337.5,51.509,-0.16066,20.534,0.99344,0.073451,-0.035218
338,51.509,-0.16066,20.55,0.99324,0.10469,-0.031984
338.5,51.509,-0.16066,20.554,0.99957,0.079792,-0.01566
339,51.509,-0.16066,20.587,0.96924,0.10054,-0.050134
339.5,51.509,-0.16066,20.605,0.99406,0.082381,-0.038061
340,51.509,-0.16066,20.631,0.98201,0.074857,-0.048426
340.5,51.509,-0.16066,20.648,0.99917,0.094127,-0.037665
341,51.509,-0.16066,20.65,0.98875,0.1116,-0.012487
341.5,51.509,-0.16066,20.682,1.0109,0.091477,-0.052512
342,51.509,-0.16066,20.671,1.0118,0.080285,0.0025819
342.5,51.509,-0.16066,20.69,0.98636,0.082922,-0.027569
343,51.51,-0.16066,20.691,0.97954,0.088245,-0.0057591
343.5,51.51,-0.16066,20.715,0.97042,0.098533,-0.037907
344,51.51,-0.16066,20.745,0.97413,0.04625,-0.053012
344.5,51.51,-0.16065,20.771,0.77058,0.070795,-0.03569
345,51.51,-0.16065,20.79,0.58102,0.08717,-0.023151
345.5,51.51,-0.16065,20.807,0.38329,0.075908,-0.014598
346,51.51,-0.16065,20.819,0.17876,0.067459,-0.0065218
346.5,51.51,-0.16065,20.809,0.15597,0.11767,0.016417
347,51.51,-0.16065,20.807,0.13645,0.16348,0.010173
347.5,51.51,-0.16065,20.776,0.12032,0.17226,0.049445
348,51.51,-0.16065,20.801,0.07853,0.22761,-0.017802
348.5,51.51,-0.16065,20.77,0.044447,0.21094,0.045762
349,51.51,-0.16065,20.767,-0.017655,0.26026,0.019743
349.5,51.51,-0.16064,20.734,-0.045717,0.23402,0.055336
350,51.51,-0.16064,20.718,-0.097151,0.20496,0.041165
350.5,51.51,-0.16064,20.736,-0.14034,0.17896,-0.012154
351,51.51,-0.16064,20.707,-0.18143,0.13974,0.044168
351.5,51.51,-0.16064,20.687,-0.20471,0.088217,0.037226
352,51.51,-0.16064,20.673,-0.20922,0.038481,0.028734
352.5,51.51,-0.16064,20.669,-0.42596,0.028747,0.032571
353,51.51,-0.16064,20.623,-0.63012,0.0070881,0.091663
353.5,51.51,-0.16064,20.599,-0.85297,0.0070533,0.076561
354,51.51,-0.16064,20.582,-1.0148,-0.017924,0.059182
354.5,51.51,-0.16064,20.539,-1.0124,0.031896,0.082395
355,51.509,-0.16064,20.513,-1.02,0.0055292,0.059735
355.5,51.509,-0.16064,20.463,-1.0184,0.019336,0.091006
356,51.509,-0.16064,20.431,-1.0215,0.011712,0.070356
356.5,51.509,-0.16064,20.396,-1.0052,0.0027596,0.068968
357,51.509,-0.16064,20.363,-1.0423,0.013169,0.06996
357.5,51.509,-0.16064,20.355,-1.0332,0.032717,0.033376
358,51.509,-0.16064,20.307,-1.0292,0.045807,0.079903
358.5,51.509,-0.16064,20.275,-1.0289,0.046632,0.064199
359,51.509,-0.16064,20.245,-1.0383,0.026041,0.061719
359.5,51.509,-0.16064,20.216,-1.0406,0.029739,0.062403
360,51.509,-0.16064,20.156,-1.0201,0.017268,0.099056
360.5,51.509,-0.16064,20.132,-1.0315,0.014144,0.061394
361,51.509,-0.16064,20.084,-1.0185,0.0041297,0.086826
361.5,51.509,-0.16064,20.056,-1.016,0.0083838,0.063873
362,51.509,-0.16064,20.005,-1.0355,0.015786,0.093363
362.5,51.509,-0.16064,19.969,-1.0072,0.016396,0.076461
363,51.509,-0.16064,19.953,-1.0367,0.024918,0.046734
363.5,51.509,-0.16063,19.892,-1.0001,0.020375,0.1007
364,51.509,-0.16063,19.841,-1.0057,0.014734,0.10048
364.5,51.509,-0.16063,19.806,-1.0259,0.023118,0.080486
365,51.509,-0.16063,19.76,-1.0274,0.03167,0.091722
365.5,51.509,-0.16063,19.743,-1.0342,0.01469,0.04878
366,51.509,-0.16063,19.691,-1.0535,0.017094,0.093596
366.5,51.509,-0.16063,19.642,-1.0233,0.028984,0.092745
367,51.509,-0.16063,19.605,-1.0165,0.022454,0.078076
367.5,51.509,-0.16063,19.567,-1.0331,0.054622,0.082251
368,51.509,-0.16063,19.509,-1.0205,0.025478,0.10008
368.5,51.509,-0.16063,19.485,-1.0264,0.018327,0.062474
369,51.509,-0.16063,19.444,-1.0277,-0.006694,0.076122
369.5,51.509,-0.16063,19.412,-1.0225,0.038321,0.069053
370,51.509,-0.16063,19.353,-1.0045,0.024093,0.10336
370.5,51.509,-0.16063,19.318,-0.99764,0.021098,0.078188
371,51.509,-0.16063,19.284,-1.0193,0.018016,0.073391
371.5,51.509,-0.16063,19.256,-1.0076,-0.0006796,0.05939
372,51.509,-0.16063,19.202,-1.0188,0.021318,0.099195
372.5,51.509,-0.16063,19.171,-1.0174,-0.00027879,0.071953
373,51.509,-0.16063,19.127,-1.0243,0.028098,0.085888
373.5,51.509,-0.16063,19.077,-1.0117,0.045662,0.094988
374,51.509,-0.16063,19.043,-1.0172,0.037901,0.072584
374.5,51.509,-0.16063,19.002,-1.0202,0.039584,0.08132
375,51.509,-0.16063,18.99,-1.0282,0.03915,0.038263
375.5,51.509,-0.16063,18.965,-1.0111,0.027317,0.047115
376,51.509,-0.16063,18.931,-1.0422,0.036217,0.064742
376.5,51.509,-0.16063,18.88,-1.0229,0.042568,0.090753
377,51.509,-0.16063,18.845,-1.0074,0.0065887,0.071987
377.5,51.509,-0.16063,18.785,-1.0153,0.0283,0.10801
378,51.509,-0.16063,18.752,-1.0055,0.025737,0.076044
378.5,51.509,-0.16063,18.72,-1.0407,0.035197,0.073626
379,51.509,-0.16063,18.678,-1.024,0.024028,0.080702
379.5,51.509,-0.16063,18.618,-1.0341,-0.013632,0.10734
380,51.509,-0.16063,18.547,-1.0148,-0.0025942,0.13171
380.5,51.509,-0.16063,18.493,-1.0446,-0.0074992,0.11761
381,51.509,-0.16063,18.426,-1.0181,-0.012212,0.12741
381.5,51.509,-0.16063,18.392,-1.0061,0.017678,0.08242
382,51.509,-0.16063,18.349,-1.0272,-0.012815,0.086583
382.5,51.509,-0.16063,18.311,-1.0183,0.016355,0.077523
383,51.509,-0.16063,18.276,-1.0171,-0.017634,0.072693
383.5,51.509,-0.16063,18.229,-0.81662,0.031901,0.074724
384,51.509,-0.16063,18.187,-0.61231,0.040157,0.062948
384.5,51.509,-0.16063,18.163,-0.42465,0.034183,0.038528
385,51.509,-0.16063,18.139,-0.21905,0.033864,0.029448
385.5,51.509,-0.16063,18.129,-0.22317,0.094825,0.021815
386,51.509,-0.16063,18.107,-0.19598,0.15685,0.039474
386.5,51.509,-0.16063,18.066,-0.15627,0.17321,0.064932
387,51.509,-0.16062,18.04,-0.093124,0.23158,0.053805
387.5,51.509,-0.16062,18.028,-0.064977,0.25416,0.02884
388,51.509,-0.16062,18.015,-0.004957,0.28179,0.025055
388.5,51.509,-0.16062,17.995,0.04001,0.25209,0.02998
389,51.509,-0.16062,17.966,0.090158,0.24715,0.044501
389.5,51.509,-0.16062,17.957,0.13503,0.17917,0.018661
390,51.509,-0.16061,17.971,0.13075,0.16416,-0.011738
390.5,51.509,-0.16061,17.96,0.18458,0.12101,0.0099043
391,51.509,-0.16061,17.942,0.20619,0.047111,0.021148
391.5,51.509,-0.16061,17.961,0.38063,0.076014,-0.035251
392,51.509,-0.16061,17.954,0.60066,0.095698,-0.015438
392.5,51.509,-0.16061,17.952,0.79481,0.082669,-0.021189
393,51.509,-0.16061,17.951,0.99746,0.073497,-0.020905
393.5,51.509,-0.16061,17.943,0.9924,0.088618,0.0062388
394,51.509,-0.16061,17.969,1.0043,0.063629,-0.038814
394.5,51.509,-0.16061,17.965,0.98684,0.042207,-0.0024888
395,51.509,-0.16061,17.962,0.97263,0.085585,0.007498
395.5,51.509,-0.16061,18.004,0.98831,0.10158,-0.060614
396,51.509,-0.16061,18.035,0.98,0.06342,-0.057539
396.5,51.509,-0.16061,18.046,0.97988,0.082707,-0.034099
397,51.509,-0.16061,18.078,0.97946,0.057324,-0.056482
397.5,51.509,-0.16061,18.076,0.97435,0.068827,-0.011696
398,51.509,-0.16061,18.13,0.98641,0.073753,-0.084832
398.5,51.509,-0.16061,18.132,1.0017,0.08309,-0.024303
399,51.509,-0.1606,18.155,1.012,0.06224,-0.046417
399.5,51.509,-0.1606,18.189,0.98197,0.088826,-0.057039
400,51.509,-0.1606,18.211,0.98446,0.11706,-0.046127
400.5,51.509,-0.1606,18.239,1.0004,0.080445,-0.056302
401,51.509,-0.1606,18.286,0.95958,0.107,-0.076853
401.5,51.509,-0.1606,18.313,1.003,0.088878,-0.063931
402,51.509,-0.1606,18.345,0.98897,0.069743,-0.065216
402.5,51.509,-0.1606,18.355,0.98096,0.057316,-0.031578
403,51.509,-0.1606,18.365,0.99228,0.051619,-0.024459
403.5,51.509,-0.1606,18.409,0.98253,0.042644,-0.069838
404,51.509,-0.1606,18.44,0.99186,0.049895,-0.061506
404.5,51.509,-0.1606,18.467,0.99776,0.064445,-0.054197
405,51.509,-0.1606,18.491,0.95614,0.091699,-0.044834
405.5,51.509,-0.1606,18.498,0.99288,0.074352,-0.026092
406,51.509,-0.1606,18.514,0.98143,0.10055,-0.02994
406.5,51.509,-0.1606,18.536,0.98515,0.090914,-0.039922
407,51.509,-0.1606,18.533,0.97551,0.087607,-0.0051302
407.5,51.509,-0.1606,18.56,0.98897,0.084992,-0.04323
408,51.509,-0.16059,18.574,1.0111,0.094424,-0.032537
408.5,51.509,-0.16059,18.593,1.0033,0.11298,-0.035606
409,51.509,-0.16059,18.592,0.9601,0.096642,-0.0044998
409.5,51.509,-0.16059,18.607,1.0084,0.11143,-0.028396
410,51.509,-0.16059,18.631,0.97947,0.091831,-0.037157
410.5,51.509,-0.16059,18.639,0.97754,0.11198,-0.021974
411,51.509,-0.16059,18.618,0.99557,0.11191,0.020448
411.5,51.509,-0.16059,18.635,0.97901,0.11516,-0.019799
412,51.509,-0.16059,18.65,0.99267,0.098882,-0.024673
412.5,51.509,-0.16059,18.678,0.98946,0.1128,-0.045802
413,51.509,-0.16059,18.687,0.97716,0.11793,-0.025333
413.5,51.509,-0.16059,18.696,0.99655,0.092838,-0.026118
414,51.509,-0.16059,18.71,0.98138,0.099058,-0.023834
414.5,51.509,-0.16058,18.74,0.98199,0.077392,-0.051321
415,51.509,-0.16058,18.782,0.9719,0.076182,-0.073124
415.5,51.509,-0.16058,18.782,0.96696,0.077545,-0.016263
416,51.509,-0.16058,18.796,1.0024,0.065506,-0.03153
416.5,51.509,-0.16058,18.818,0.96337,0.10775,-0.036142
417,51.509,-0.16058,18.861,0.98837,0.066788,-0.075575
417.5,51.509,-0.16058,18.868,0.977,0.049803,-0.029822
418,51.509,-0.16058,18.917,0.99161,0.074295,-0.080423
418.5,51.509,-0.16058,18.925,0.9917,0.076219,-0.032246
419,51.509,-0.16058,18.967,0.97847,0.092687,-0.067978
419.5,51.509,-0.16058,18.99,0.97546,0.095801,-0.050095
420,51.509,-0.16058,19.006,0.98386,0.07629,-0.04203
420.5,51.509,-0.16058,19.025,0.96966,0.10198,-0.036102
421,51.509,-0.16058,19.05,1.0027,0.10809,-0.047355
421.5,51.509,-0.16058,19.058,0.98181,0.10887,-0.021657
422,51.509,-0.16058,19.047,0.99506,0.086801,0.0080606
422.5,51.51,-0.16057,19.09,0.7612,0.089774,-0.042965
423,51.51,-0.16057,19.111,0.57889,0.066325,-0.024156
423.5,51.51,-0.16057,19.102,0.37451,0.063573,0.022247
424,51.51,-0.16057,19.111,0.2212,0.071386,0.0060849
424.5,51.51,-0.16057,19.115,0.09015,0.054022,0.0092309
425,51.51,-0.16057,19.101,-0.01431,0.046458,0.030079
