0,51.509,-0.16103,-9.4939e-07,3.5134e-06,-0.0242
0.5,51.509,-0.16103,0.033958,-0.0015786,-1.0225
1,51.509,-0.16103,0.21396,-0.0052028,-0.60917
1.5,51.509,-0.16103,0.4027,0.0092856,-1.2358
2,51.509,-0.16103,0.64458,-0.0076272,-1.4183
2.5,51.509,-0.16103,0.82374,0.0049185,0.0080803
3,51.509,-0.16103,1.1403,0.0090744,0.71981
3.5,51.509,-0.16103,1.1651,0.018159,0.2701
4,51.509,-0.16103,1.3753,-0.055849,-1.2573
4.5,51.509,-0.16103,1.1858,-0.03302,-0.13642
5,51.509,-0.16103,1.2353,0.009999,0.032674
5.5,51.509,-0.16103,1.3281,0.00064437,-0.24582
6,51.509,-0.16103,1.2881,-0.022487,-0.93573
6.5,51.509,-0.16103,1.3234,0.034908,0.22956
7,51.509,-0.16103,1.1292,0.012686,0.39557
7.5,51.509,-0.16103,1.351,0.0039153,0.5439
8,51.509,-0.16103,1.2204,-0.020512,0.49016
8.5,51.509,-0.16103,1.2939,-0.081117,-0.16698
9,51.509,-0.16103,1.2089,-0.026196,-0.50694
9.5,51.509,-0.16103,1.3124,0.11868,0.99072
10,51.509,-0.16103,1.2132,0.11124,1.0393
10.5,51.509,-0.16103,1.2734,0.010855,0.59888
11,51.509,-0.16103,1.1562,0.044927,0.55358
11.5,51.509,-0.16103,1.3405,-0.0054027,0.55574
12,51.509,-0.16103,1.1778,-0.0012776,0.70583
12.5,51.509,-0.16103,1.3682,0.0057089,1.2478
13,51.509,-0.16103,1.1837,-0.01895,0.30126
13.5,51.509,-0.16103,1.3292,-0.045282,0.25469
14,51.509,-0.16103,1.1252,-0.029436,0.3032
14.5,51.509,-0.16103,1.3023,0.018095,0.60246
15,51.509,-0.16103,1.1093,-0.042681,0.43862
15.5,51.509,-0.16103,1.3254,-0.12027,-1.0516
16,51.509,-0.16103,1.1829,-0.058914,-0.83676
16.5,51.509,-0.16103,1.3038,-0.010231,0.20661
17,51.509,-0.16103,1.1519,-0.025433,0.65156
17.5,51.509,-0.16103,1.3252,-0.059326,-0.14812
18,51.509,-0.16103,1.2378,-0.037432,-0.57431
18.5,51.509,-0.16103,1.3509,-0.022731,-0.017774
19,51.509,-0.16104,1.1699,-0.026305,0.24262
19.5,51.509,-0.16103,1.3296,0.039047,-1.0063
20,51.509,-0.16103,1.201,0.039465,-0.91936
20.5,51.509,-0.16103,1.1561,-0.017158,-0.29934
21,51.51,-0.16103,1.3233,-0.020652,-1.0683
21.5,51.51,-0.16103,1.2122,0.062864,-0.20587
22,51.51,-0.16103,1.1711,0.00074916,-0.13332
22.5,51.51,-0.16103,1.2099,-0.067347,-0.87757
23,51.51,-0.16103,1.242,0.035956,0.40583
23.5,51.51,-0.16103,1.1692,0.027308,-0.16536
24,51.51,-0.16103,1.2619,-0.048854,0.11241
24.5,51.51,-0.16103,1.2142,-0.016546,-0.70887
25,51.51,-0.16103,1.2996,0.036373,-0.82802
25.5,51.51,-0.16103,1.2653,-0.010597,-0.40532
26,51.51,-0.16103,1.264,-0.0046656,-0.35691
26.5,51.51,-0.16104,1.1688,-0.072526,-0.53257
27,51.51,-0.16104,1.3371,-0.044989,-0.50753
27.5,51.51,-0.16104,1.2199,0.079376,-0.4998
28,51.51,-0.16104,1.3191,0.0013306,-0.29567
28.5,51.51,-0.16104,1.2432,-0.0018966,0.054333
29,51.51,-0.16104,1.3019,-0.068343,0.016596
29.5,51.51,-0.16104,1.2174,-0.077268,0.77364
30,51.51,-0.16104,1.2865,-0.048594,0.30542
30.5,51.51,-0.16104,1.3324,-0.044671,-1.1197
31,51.51,-0.16104,1.2333,0.041374,-0.032482
31.5,51.51,-0.16104,1.2518,-0.0073062,-0.15542
32,51.51,-0.16104,1.246,0.057902,0.59472
32.5,51.51,-0.16104,1.1734,-0.0033162,-1.3165
33,51.51,-0.16104,0.81559,-0.07643,-1.8558
33.5,51.51,-0.16104,0.71786,-0.016619,0.64772
34,51.51,-0.16104,0.34615,0.005375,0.06882
34.5,51.51,-0.16104,0.19854,0.06223,29.192
35,51.51,-0.16104,0.27368,0.12754,29.157
35.5,51.51,-0.16103,0.17818,0.18862,30.044
36,51.51,-0.16103,0.12755,0.20401,31.72
36.5,51.51,-0.16103,0.056435,0.24316,32.833
37,51.51,-0.16103,0.019073,0.31686,34.882
37.5,51.51,-0.16103,-0.064271,0.17079,37.393
38,51.51,-0.16103,-0.1147,0.29109,41.086
38.5,51.51,-0.16102,-0.15326,0.15983,45.837
39,51.51,-0.16102,-0.16911,0.14837,49.345
39.5,51.51,-0.16102,-0.23999,0.059126,56.371
40,51.51,-0.16102,-0.20165,0.0068214,61.631
40.5,51.51,-0.16102,-0.37834,0.0037244,37.299
41,51.51,-0.16102,-0.62007,0.013629,43.055
41.5,51.51,-0.16102,-0.78729,-0.06164,49.861
42,51.51,-0.16102,-1.0931,-0.086088,55.498
42.5,51.51,-0.16102,-1.2383,0.079249,59.995
43,51.51,-0.16102,-1.3151,0.067224,65.451
43.5,51.51,-0.16102,-1.2205,-0.042578,71.248
44,51.51,-0.16102,-1.2875,0.0090109,76.284
44.5,51.51,-0.16102,-1.2241,-0.011043,80.964
45,51.51,-0.16102,-1.2508,0.026596,85.476
45.5,51.51,-0.16102,-1.2238,0.0096883,89.713
46,51.51,-0.16102,-1.2941,-0.056233,94.164
46.5,51.51,-0.16102,-1.2534,0.027319,98.314
47,51.51,-0.16102,-1.2212,0.061005,102.02
47.5,51.51,-0.16102,-1.1924,0.049265,105.16
48,51.51,-0.16102,-1.2735,0.018649,109.86
48.5,51.51,-0.16102,-1.2584,-0.047648,113.14
49,51.51,-0.16102,-1.3024,-0.060413,116.41
49.5,51.51,-0.16102,-1.1847,0.088382,118.44
50,51.51,-0.16102,-1.2999,-0.0396,122.56
50.5,51.51,-0.16102,-1.1872,0.021192,126.06
51,51.51,-0.16102,-1.3322,0.13012,129.59
51.5,51.51,-0.16102,-1.1642,-0.016668,132.65
52,51.51,-0.16102,-1.1899,-0.060329,135.37
52.5,51.51,-0.16102,-1.2214,0.035874,138.6
53,51.51,-0.16102,-1.3026,-5.0756e-05,141.34
53.5,51.51,-0.16102,-1.1681,-0.10849,143.23
54,51.509,-0.16102,-1.3384,-0.043857,145.57
54.5,51.509,-0.16102,-1.1793,-0.034852,148.5
55,51.509,-0.16102,-1.3233,0.066593,150.4
55.5,51.509,-0.16102,-1.2226,0.038152,151.37
56,51.509,-0.16102,-1.2601,0.037929,153.79
56.5,51.509,-0.16102,-1.301,0.06765,157.05
57,51.509,-0.16102,-1.2138,0.015097,158.15
57.5,51.509,-0.16102,-1.3435,-0.016164,160.19
58,51.509,-0.16102,-1.1856,0.11603,161.42
58.5,51.509,-0.16102,-1.2603,0.11318,166.26
59,51.509,-0.16102,-1.2751,-0.016505,167.33
59.5,51.509,-0.16102,-1.333,0.070295,168.9
60,51.509,-0.16102,-1.1819,-0.0055463,171.03
60.5,51.509,-0.16102,-1.332,-0.0084086,172.58
61,51.509,-0.16102,-1.2595,0.072676,173.22
61.5,51.509,-0.16102,-1.1996,-0.016432,176.13
62,51.509,-0.16102,-1.311,-0.019461,176.82
62.5,51.509,-0.16102,-1.2416,0.023767,176.81
63,51.509,-0.16102,-1.3357,-0.10752,179.64
63.5,51.509,-0.16102,-1.2104,-0.053823,180.1
64,51.509,-0.16102,-1.2852,-0.034825,181.48
64.5,51.509,-0.16102,-1.164,-0.070833,182.13
65,51.509,-0.16102,-1.3179,-0.011072,182.46
65.5,51.509,-0.16102,-1.2027,0.0076349,185.72
66,51.509,-0.16102,-1.2833,0.018442,187.36
66.5,51.509,-0.16102,-1.2098,0.013685,189.85
67,51.509,-0.16102,-1.2868,0.01872,190.47
67.5,51.509,-0.16102,-1.1885,0.065311,191.21
68,51.509,-0.16102,-1.342,-0.0018469,191.64
68.5,51.509,-0.16102,-1.1346,-0.029865,192.61
69,51.509,-0.16102,-1.3634,0.071723,193.61
69.5,51.509,-0.16102,-1.1182,-0.011764,193.81
70,51.509,-0.16102,-1.3933,-0.017765,194.97
70.5,51.509,-0.16102,-1.1665,0.035074,197.64
71,51.509,-0.16102,-1.2813,0.061135,196.77
71.5,51.509,-0.16102,-1.2084,-0.039108,197.24
72,51.509,-0.16102,-0.84428,0.011264,198.02
72.5,51.509,-0.16102,-0.65659,0.059066,198.78
73,51.509,-0.16102,-0.44007,0.0061291,200.21
73.5,51.509,-0.16102,-0.2083,0.078153,171.74
74,51.509,-0.16102,-0.24586,0.12212,172.13
74.5,51.509,-0.16102,-0.10535,0.13621,173.29
75,51.509,-0.16102,-0.15886,0.21471,172.27
75.5,51.509,-0.16101,-0.073042,0.34676,171.47
76,51.509,-0.16101,0.011606,0.16139,170.49
76.5,51.509,-0.16101,0.048005,0.33153,170.97
77,51.509,-0.16101,0.14175,0.21533,168.15
77.5,51.509,-0.16101,0.15212,0.176,166.12
78,51.509,-0.16101,0.26751,0.15044,164.13
78.5,51.509,-0.161,0.26651,0.079918,160.93
79,51.509,-0.161,0.20504,0.0058108,158.16
79.5,51.509,-0.161,0.39162,0.010702,182.63
80,51.509,-0.161,0.55853,-0.0075002,178.95
80.5,51.509,-0.161,0.83253,-0.023273,176.73
81,51.509,-0.161,1.0743,0.00058193,172.3
81.5,51.509,-0.161,1.2453,0.0063119,169.54
82,51.509,-0.161,1.2954,0.018786,166.06
82.5,51.509,-0.161,1.1923,0.01379,162.3
83,51.509,-0.161,1.3306,-0.071769,158.8
83.5,51.509,-0.161,1.1741,-0.036814,156.15
84,51.509,-0.161,1.268,0.042426,153.04
84.5,51.509,-0.161,1.3214,0.014996,149.29
85,51.509,-0.161,1.2847,0.0040026,146.13
85.5,51.509,-0.161,1.2931,-0.019142,144.63
86,51.509,-0.161,1.1937,-0.017428,140.81
86.5,51.509,-0.161,1.2453,0.057758,136.79
87,51.509,-0.161,1.2239,-0.057743,133.85
87.5,51.509,-0.16101,1.2739,-0.051469,132.9
88,51.509,-0.161,1.2574,0.053892,130.38
88.5,51.509,-0.161,1.26,0.038665,127.71
89,51.509,-0.161,1.1993,-0.010062,124.64
89.5,51.509,-0.161,1.3358,-0.02185,123.25
90,51.509,-0.161,1.1888,0.0421,121.21
90.5,51.509,-0.161,1.3423,0.037573,117.02
91,51.509,-0.161,1.2259,-0.045283,115.87
91.5,51.509,-0.161,1.2228,-0.02391,112.5
92,51.509,-0.161,1.1654,-0.038646,110.32
92.5,51.509,-0.16101,1.299,-0.026522,108.78
93,51.509,-0.16101,1.2061,-0.019109,106.36
93.5,51.509,-0.16101,1.3306,-0.021973,104.57
94,51.509,-0.16101,1.2413,0.090925,102.8
94.5,51.509,-0.161,1.2866,0.033152,101.5
95,51.509,-0.161,1.2489,0.017893,99.66
95.5,51.509,-0.161,1.2999,-0.040625,96.124
96,51.509,-0.161,1.2131,-0.044114,94.06
96.5,51.509,-0.161,1.3003,0.016346,93.126
97,51.509,-0.161,1.2713,0.069001,91.669
97.5,51.509,-0.161,1.2399,0.060978,89.411
98,51.509,-0.161,1.2126,0.029135,88.286
98.5,51.509,-0.161,1.2151,0.037988,86.527
99,51.51,-0.161,1.3321,0.041703,84.36
99.5,51.51,-0.161,1.2081,0.013695,82.664
100,51.51,-0.161,1.3374,-0.042975,79.921
100.5,51.51,-0.161,1.0683,0.0080691,79.181
101,51.51,-0.161,1.4782,0.0046571,77.347
101.5,51.51,-0.161,1.0636,0.016937,76.996
102,51.51,-0.161,1.2855,0.039707,74.765
102.5,51.51,-0.161,1.265,-0.051602,73.604
103,51.51,-0.161,1.2711,0.00017883,72.435
103.5,51.51,-0.161,1.1393,-0.036253,69.929
104,51.51,-0.161,1.3245,-0.066126,68.778
104.5,51.51,-0.161,1.1527,-0.036208,67.969
105,51.51,-0.161,1.3245,-0.030388,67.093
105.5,51.51,-0.161,1.1537,-0.021231,65.087
106,51.51,-0.161,1.29,-0.042618,64.911
106.5,51.51,-0.16101,1.2544,-0.020475,62.768
107,51.51,-0.16101,1.2453,0.0095041,62.929
107.5,51.51,-0.16101,1.2762,-0.036178,60.971
108,51.51,-0.16101,1.1014,-0.05414,59.674
108.5,51.51,-0.16101,1.3916,-0.079888,56.761
109,51.51,-0.16101,1.178,-0.10148,57.025
109.5,51.51,-0.16101,1.3648,-0.01089,56.073
110,51.51,-0.16101,1.1345,0.00028546,53.303
110.5,51.51,-0.16101,1.2617,0.0066312,53.221
111,51.51,-0.16101,0.86615,-0.028413,51.538
111.5,51.51,-0.16101,0.71524,-0.063981,52.532
112,51.51,-0.16101,0.3629,-0.012455,51.342
112.5,51.51,-0.16101,0.34089,0.062626,79.757
113,51.51,-0.16101,0.12083,0.096234,79.241
113.5,51.51,-0.16101,0.19839,0.157,78.217
114,51.51,-0.161,0.066546,0.19679,78.54
114.5,51.51,-0.161,0.14475,0.37934,77.619
115,51.51,-0.161,-0.042421,0.1769,78.271
115.5,51.51,-0.161,-0.024443,0.28731,78.387
116,51.51,-0.161,-0.12439,0.16143,79.234
116.5,51.51,-0.161,-0.11247,0.16024,80.786
117,51.51,-0.16099,-0.29374,0.17862,82.942
117.5,51.51,-0.16099,-0.13682,0.023186,85.098
118,51.51,-0.16099,-0.37935,0.054214,87.504
118.5,51.51,-0.16099,-0.27113,-0.035115,61.53
119,51.51,-0.16099,-0.62699,0.048218,64.703
119.5,51.51,-0.16099,-0.86916,0.04016,66.223
120,51.51,-0.16099,-1.2349,0.057345,68.771
120.5,51.51,-0.16099,-1.168,-0.0093631,73.575
121,51.51,-0.16099,-1.351,0.022522,75.083
121.5,51.51,-0.16099,-1.2057,-0.025553,77.415
122,51.51,-0.16099,-1.2394,0.0088118,80.955
122.5,51.51,-0.16099,-1.2244,-0.0046786,84.498
123,51.51,-0.16099,-1.2935,-0.050276,86.915
123.5,51.51,-0.16099,-1.2706,-0.0036702,87.619
124,51.51,-0.16099,-1.2264,-0.049687,90.847
124.5,51.51,-0.16099,-1.2742,-0.041593,93.463
125,51.51,-0.16099,-1.2677,-0.011755,94.959
125.5,51.51,-0.16099,-1.2625,-0.070497,95.635
126,51.51,-0.16099,-1.2917,0.011243,98.143
126.5,51.51,-0.16099,-1.2233,0.13073,100.85
127,51.51,-0.16099,-1.2877,0.065647,103.17
127.5,51.51,-0.16099,-1.1952,0.072224,105.42
128,51.51,-0.16099,-1.2942,0.014393,107.88
128.5,51.51,-0.16099,-1.2445,0.011252,111.1
129,51.51,-0.16099,-1.3132,0.057917,113.32
129.5,51.51,-0.16099,-1.2056,-0.059348,114.83
130,51.51,-0.16099,-1.2809,-0.020583,115.77
130.5,51.51,-0.16099,-1.2205,-0.01143,117.15
131,51.51,-0.16099,-1.314,-0.0016363,119.34
131.5,51.509,-0.16099,-1.145,-0.058544,120.63
132,51.509,-0.16099,-1.3475,-0.055427,121.87
132.5,51.509,-0.16099,-1.2071,-0.024086,123.47
133,51.509,-0.16099,-1.3741,-0.013703,124.95
133.5,51.509,-0.16099,-1.1384,-0.0041727,128.58
134,51.509,-0.16099,-1.3287,0.011652,130.28
134.5,51.509,-0.16099,-1.159,0.081168,131.88
135,51.509,-0.16099,-1.3034,0.015375,133.21
135.5,51.509,-0.16099,-1.2043,-0.045442,135.08
136,51.509,-0.16099,-1.2651,-0.0062427,137.69
136.5,51.509,-0.16099,-1.1631,0.032356,135.8
137,51.509,-0.16099,-1.3449,-0.0032764,137.89
137.5,51.509,-0.16099,-1.243,0.02381,140.59
138,51.509,-0.16099,-1.2634,0.025887,141.91
138.5,51.509,-0.16099,-1.2666,0.003562,142.37
139,51.509,-0.16099,-1.2558,-0.0031966,143.72
139.5,51.509,-0.16099,-1.2289,0.022841,146.03
140,51.509,-0.16099,-1.3072,0.029775,147.36
140.5,51.509,-0.16099,-1.1673,-0.049437,148
141,51.509,-0.16099,-1.3066,0.046572,148.57
141.5,51.509,-0.16099,-1.2435,0.041077,150.91
142,51.509,-0.16099,-1.1851,0.052713,151.75
142.5,51.509,-0.16099,-1.175,0.043629,152.52
143,51.509,-0.16099,-1.3279,-0.031114,153.8
143.5,51.509,-0.16099,-1.1169,-0.069351,155.16
144,51.509,-0.16099,-1.2733,-0.035245,156.19
144.5,51.509,-0.16099,-1.2756,0.053592,156.42
145,51.509,-0.16099,-1.2051,0.052296,156.67
145.5,51.509,-0.16099,-1.3148,0.019575,159.16
146,51.509,-0.16099,-1.2128,-0.044826,160.6
146.5,51.509,-0.16099,-1.2414,-0.031732,159.41
147,51.509,-0.16099,-1.2051,-0.010333,161.57
147.5,51.509,-0.16099,-1.3326,-0.023016,163.36
148,51.509,-0.16099,-1.1668,-0.016733,163.99
148.5,51.509,-0.16099,-1.3338,0.020048,164.11
149,51.509,-0.16099,-1.166,0.0044447,165.59
149.5,51.509,-0.16099,-1.2241,-0.016766,166.5
150,51.509,-0.16099,-0.87738,0.0071408,167.34
150.5,51.509,-0.16099,-0.62703,0.0091564,168.79
151,51.509,-0.16099,-0.39414,0.012741,169.53
151.5,51.509,-0.16099,-0.26815,0.068093,139.6
152,51.509,-0.16099,-0.22854,0.11697,141.43
152.5,51.509,-0.16099,-0.17981,0.15598,141.27
153,51.509,-0.16099,-0.14382,0.19403,142.05
153.5,51.509,-0.16099,-0.028807,0.14668,140.37
154,51.509,-0.16099,-0.029375,0.28293,140.37
154.5,51.509,-0.16098,0.079595,0.20222,139.34
155,51.509,-0.16098,0.10863,0.25822,138.16
155.5,51.509,-0.16098,0.12211,0.080368,136.64
156,51.509,-0.16098,0.25263,0.21313,135.93
156.5,51.509,-0.16098,0.21145,0.033202,133.57
157,51.509,-0.16098,0.21783,0.02484,130.71
157.5,51.509,-0.16098,0.36553,-0.019152,157.98
158,51.509,-0.16098,0.57669,0.030862,155.08
158.5,51.509,-0.16098,0.92986,-0.037597,152.2
159,51.509,-0.16098,1.0141,-0.0028625,149.77
159.5,51.509,-0.16098,1.3211,0.033106,148.63
160,51.509,-0.16098,1.208,0.022093,144.99
160.5,51.509,-0.16098,1.3456,-0.049191,142.12
161,51.509,-0.16098,1.2069,-0.025231,138.46
161.5,51.509,-0.16098,1.2286,-0.0057822,137.21
162,51.509,-0.16098,1.2123,0.037245,134.5
162.5,51.509,-0.16098,1.2068,0.038347,131.2
163,51.509,-0.16098,1.2628,-0.0081403,129.1
163.5,51.509,-0.16098,1.3085,0.027762,127.59
164,51.509,-0.16098,1.251,-0.0042073,125.26
164.5,51.509,-0.16098,1.2287,0.082159,122.93
165,51.509,-0.16098,1.2512,0.083841,120.6
165.5,51.509,-0.16098,1.3051,0.059465,118.57
166,51.509,-0.16098,1.184,0.026518,117.22
166.5,51.509,-0.16098,1.3296,0.0071164,113.89
167,51.509,-0.16098,1.2446,-0.006804,112.31
167.5,51.509,-0.16098,1.3118,0.032282,109.3
168,51.509,-0.16098,1.2719,0.077214,108.64
168.5,51.509,-0.16098,1.2494,0.027133,105.97
169,51.509,-0.16098,1.258,-0.00482,102.59
169.5,51.509,-0.16098,1.218,0.016433,102.12
170,51.509,-0.16098,1.279,-0.034351,100.43
170.5,51.509,-0.16098,1.1851,-0.050122,99.353
171,51.509,-0.16098,1.3368,0.0024121,97.172
171.5,51.509,-0.16098,1.112,-0.0042198,95.236
172,51.509,-0.16098,1.3033,0.014395,94.348
172.5,51.509,-0.16098,1.1435,0.029747,92.125
173,51.509,-0.16098,1.3149,0.010525,91.124
173.5,51.509,-0.16098,1.202,0.057649,89.412
174,51.509,-0.16098,1.23,0.029462,87.176
174.5,51.509,-0.16098,1.2717,-0.0088757,85.56
175,51.509,-0.16098,1.2764,-0.0058245,83.616
175.5,51.509,-0.16098,1.2306,-0.0075767,83.278
176,51.509,-0.16098,1.3052,0.016806,81.59
176.5,51.509,-0.16098,1.134,-0.0060603,79.451
177,51.51,-0.16098,1.3723,0.038671,77.529
177.5,51.51,-0.16098,1.1969,0.016939,77.89
178,51.51,-0.16098,1.4027,-0.078026,75.818
178.5,51.51,-0.16098,1.1892,-0.074469,73.612
179,51.51,-0.16098,1.2898,-0.027309,72.56
179.5,51.51,-0.16098,1.2464,-0.0033713,71.363
180,51.51,-0.16098,1.2854,0.022372,69.556
180.5,51.51,-0.16098,1.1731,0.0091852,68.758
181,51.51,-0.16098,1.3281,0.024276,67.262
181.5,51.51,-0.16098,1.2279,0.02512,65.114
182,51.51,-0.16098,1.3578,-0.00070927,65.387
182.5,51.51,-0.16098,1.1649,0.014263,64.1
183,51.51,-0.16098,1.3762,-0.015328,63.02
183.5,51.51,-0.16098,1.2346,-0.08121,61.897
184,51.51,-0.16098,1.2659,-0.026237,60.492
184.5,51.51,-0.16098,1.2376,0.012264,59.141
185,51.51,-0.16098,1.2318,0.023132,57.785
185.5,51.51,-0.16098,1.252,-0.03504,58.38
186,51.51,-0.16098,1.229,-0.049881,57.095
186.5,51.51,-0.16098,1.2114,-0.029661,55.004
187,51.51,-0.16098,1.3084,-0.055423,53.381
187.5,51.51,-0.16098,1.1559,-0.021117,54.956
188,51.51,-0.16098,1.3144,0.0095789,53.346
188.5,51.51,-0.16098,1.0666,0.052073,51.546
189,51.51,-0.16098,0.97593,0.040517,50.946
189.5,51.51,-0.16098,0.63913,0.050432,50.459
190,51.51,-0.16098,0.40776,0.025049,50.069
190.5,51.51,-0.16098,0.28111,0.075867,76.853
191,51.51,-0.16098,0.13308,0.092508,75.539
191.5,51.51,-0.16097,0.24327,0.1921,76.153
192,51.51,-0.16097,0.078263,0.20051,75.819
192.5,51.51,-0.16097,0.096972,0.2824,76.26
193,51.51,-0.16097,-0.034036,0.17982,75.655
193.5,51.51,-0.16097,-0.046617,0.31878,78.194
194,51.51,-0.16097,-0.094801,0.11896,79.803
194.5,51.51,-0.16097,-0.17662,0.27332,79.201
195,51.51,-0.16096,-0.15439,0.043422,80.486
195.5,51.51,-0.16096,-0.25924,0.14475,82.608
196,51.51,-0.16096,-0.23322,-0.017307,84.751
196.5,51.51,-0.16096,-0.4576,0.046588,56.537
197,51.51,-0.16096,-0.66633,-0.031102,59.523
197.5,51.51,-0.16096,-0.85994,-0.026973,63.702
198,51.51,-0.16096,-1.1155,-0.03149,64.997
198.5,51.51,-0.16096,-1.2766,0.036007,69.047
199,51.51,-0.16096,-1.1956,-0.060202,71.297
199.5,51.51,-0.16096,-1.3879,0.011543,73.133
200,51.51,-0.16096,-1.1453,0.019695,74.888
200.5,51.51,-0.16096,-1.3073,-0.013327,76.994
201,51.51,-0.16096,-1.2355,0.071772,80.005
201.5,51.51,-0.16096,-1.2768,-0.038995,81.139
202,51.51,-0.16096,-1.2318,-0.020035,82.97
202.5,51.51,-0.16096,-1.3233,0.0061831,86.738
203,51.51,-0.16096,-1.1998,-0.0033878,88.982
203.5,51.51,-0.16096,-1.2268,-0.0074964,90.638
204,51.51,-0.16096,-1.2835,-0.043279,92.022
204.5,51.51,-0.16096,-1.1842,0.0053697,94.408
205,51.51,-0.16096,-1.3139,-0.0021435,95.672
205.5,51.51,-0.16096,-1.206,0.0099387,99.555
206,51.51,-0.16096,-1.2986,0.018994,101.72
206.5,51.51,-0.16096,-1.1827,-0.036481,102.02
207,51.51,-0.16096,-1.3042,-0.067633,103.63
207.5,51.51,-0.16096,-1.2533,-0.0046924,106.53
208,51.51,-0.16096,-1.2055,-0.017095,108.14
208.5,51.51,-0.16096,-1.2984,-0.040525,107.57
209,51.51,-0.16097,-1.1479,-0.033342,109.57
209.5,51.51,-0.16097,-1.3453,-0.081479,112.61
210,51.509,-0.16097,-1.1654,-0.024015,113.83
210.5,51.509,-0.16097,-1.4455,0.013025,116.05
211,51.509,-0.16097,-1.0689,-0.057956,117.99
211.5,51.509,-0.16097,-1.4253,0.0086431,119.33
212,51.509,-0.16097,-1.1868,0.023622,121.18
212.5,51.509,-0.16097,-1.2863,-0.0050008,122.62
213,51.509,-0.16097,-1.2844,0.053834,124.55
213.5,51.509,-0.16097,-1.2077,-0.074552,124.42
214,51.509,-0.16097,-1.3548,0.013119,125.65
214.5,51.509,-0.16097,-1.2111,0.00023441,127.29
215,51.509,-0.16097,-1.3199,-0.048142,129.43
215.5,51.509,-0.16097,-1.2005,0.045551,130.39
216,51.509,-0.16097,-1.3184,-0.0072127,131.68
216.5,51.509,-0.16097,-1.2108,-0.043259,132.9
217,51.509,-0.16097,-1.2172,0.050126,134.02
217.5,51.509,-0.16097,-1.2963,0.076708,134.38
218,51.509,-0.16097,-1.1654,0.029808,135.81
218.5,51.509,-0.16097,-1.4024,-0.03533,137.68
219,51.509,-0.16097,-1.1429,0.016125,138.51
219.5,51.509,-0.16097,-1.3165,-0.0048742,140.73
220,51.509,-0.16097,-1.1782,-0.037835,141.26
220.5,51.509,-0.16097,-1.3345,-0.013559,141.94
221,51.509,-0.16097,-1.1572,-0.003763,143.98
221.5,51.509,-0.16097,-1.2804,-0.037498,143.91
222,51.509,-0.16097,-1.3195,0.046572,144.08
222.5,51.509,-0.16097,-1.2253,0.032674,146.66
223,51.509,-0.16097,-1.2763,-0.023199,147.1
223.5,51.509,-0.16097,-1.2487,0.048348,148.9
224,51.509,-0.16097,-1.2595,0.0031789,150.08
224.5,51.509,-0.16097,-1.1928,0.0047228,150.54
225,51.509,-0.16097,-1.3152,0.037885,150.39
225.5,51.509,-0.16097,-1.1942,-0.038508,152.47
226,51.509,-0.16097,-1.3221,-0.032992,152.25
226.5,51.509,-0.16097,-1.1985,-0.037006,153.46
227,51.509,-0.16097,-1.3526,-0.059235,154.54
227.5,51.509,-0.16097,-1.0931,0.00022521,156.09
228,51.509,-0.16097,-0.98613,-0.013369,157.2
228.5,51.509,-0.16097,-0.59335,-0.0087195,157.41
229,51.509,-0.16097,-0.42617,-0.017353,157.39
229.5,51.509,-0.16097,-0.23445,0.083412,128.97
230,51.509,-0.16097,-0.23863,0.11833,130.28
230.5,51.509,-0.16096,-0.17987,0.18706,130.81
231,51.509,-0.16096,-0.17173,0.24895,130
231.5,51.509,-0.16096,-0.10378,0.31869,130.72
232,51.509,-0.16096,0.0098705,0.21018,129.8
232.5,51.509,-0.16096,0.048531,0.2988,128.14
233,51.509,-0.16095,0.15864,0.25724,128.2
233.5,51.509,-0.16095,0.17788,0.18452,126.97
234,51.509,-0.16095,0.19782,0.13218,124.53
234.5,51.509,-0.16095,0.27366,0.099255,122.72
235,51.509,-0.16095,0.29063,-0.0081393,121.14
235.5,51.509,-0.16095,0.36534,0.0018945,149.07
236,51.509,-0.16095,0.60157,0.034474,146.38
236.5,51.509,-0.16095,0.77598,0.020825,144.09
237,51.509,-0.16095,1.1393,0.00016007,141.21
237.5,51.509,-0.16095,1.2076,-0.028273,137.07
238,51.509,-0.16095,1.2532,-0.021037,136.29
238.5,51.509,-0.16095,1.2727,0.0037999,132.5
239,51.509,-0.16095,1.2588,0.023832,130.5
239.5,51.509,-0.16095,1.3018,-0.029429,128.24
240,51.509,-0.16095,1.2108,-0.077466,126.14
240.5,51.509,-0.16095,1.2817,-0.070086,125.06
241,51.509,-0.16095,1.2508,-0.016734,123.67
241.5,51.509,-0.16095,1.2642,0.072326,119.7
242,51.509,-0.16095,1.2037,0.026912,118.3
242.5,51.509,-0.16095,1.256,-0.021104,116
243,51.509,-0.16095,1.211,-0.0073065,113.43
243.5,51.509,-0.16095,1.2851,0.015152,111.07
244,51.509,-0.16095,1.1482,0.0070629,109.31
244.5,51.509,-0.16095,1.3883,-0.023383,108.09
245,51.509,-0.16095,1.1181,-0.025488,106.57
245.5,51.509,-0.16095,1.3149,0.047275,103.76
246,51.509,-0.16095,1.1848,-0.030389,102.42
246.5,51.509,-0.16095,1.2766,-0.048149,100.74
247,51.509,-0.16095,1.2133,0.021208,98.085
247.5,51.509,-0.16095,1.3335,-0.046477,96.432
248,51.509,-0.16095,1.1984,-0.0078863,95.124
248.5,51.509,-0.16095,1.259,-0.033681,92.871
249,51.509,-0.16095,1.2071,-0.062519,90.98
249.5,51.509,-0.16095,1.3037,-0.01225,89.443
250,51.509,-0.16095,1.169,-0.0094728,87.349
250.5,51.509,-0.16095,1.22,-0.042513,87.156
251,51.509,-0.16095,1.3202,-0.020894,84.945
251.5,51.509,-0.16095,1.242,-0.021928,84.808
252,51.509,-0.16095,1.312,-0.076183,82.401
252.5,51.509,-0.16095,1.2196,-0.060613,81.586
253,51.509,-0.16096,1.2945,-0.019297,80.135
253.5,51.509,-0.16096,1.2944,0.011648,78.016
254,51.509,-0.16096,1.2601,-0.028001,76.273
254.5,51.509,-0.16096,1.2325,0.029635,75.594
255,51.509,-0.16095,1.2834,0.093598,74.26
255.5,51.51,-0.16095,1.2044,0.06789,72.357
256,51.51,-0.16095,1.3728,0.023876,70.832
256.5,51.51,-0.16095,1.2221,-0.032267,69.33
257,51.51,-0.16095,1.2762,-0.033406,68.379
257.5,51.51,-0.16095,1.2634,0.034764,68.339
258,51.51,-0.16095,1.2214,0.046554,66.59
258.5,51.51,-0.16095,1.2929,-0.048783,65.308
259,51.51,-0.16095,1.2,0.029556,64.412
259.5,51.51,-0.16095,1.2803,0.09855,64.322
260,51.51,-0.16095,1.2416,-0.010582,62.219
260.5,51.51,-0.16095,1.2955,0.0444,61.999
261,51.51,-0.16095,1.1472,0.051087,60.224
261.5,51.51,-0.16095,1.3665,0.098128,59.065
262,51.51,-0.16095,1.1447,0.074252,58.583
262.5,51.51,-0.16095,1.3806,-0.040814,56.783
263,51.51,-0.16095,1.1386,0.048685,55.565
263.5,51.51,-0.16095,1.4185,-0.010989,53.654
264,51.51,-0.16095,1.137,0.042356,51.855
264.5,51.51,-0.16095,1.3513,0.0498,51.644
265,51.51,-0.16095,1.1606,-0.016406,51.109
265.5,51.51,-0.16095,1.3362,0.050335,52.436
266,51.51,-0.16095,1.1197,-0.014836,50.696
266.5,51.51,-0.16095,1.2201,0.033412,49.873
267,51.51,-0.16095,0.818,-0.021966,47.964
267.5,51.51,-0.16095,0.74201,0.031651,48.745
268,51.51,-0.16095,0.27651,0.030787,47.872
268.5,51.51,-0.16095,0.40446,0.086085,74.056
269,51.51,-0.16095,0.17627,0.13129,74.63
269.5,51.51,-0.16095,0.21799,0.16803,73.812
270,51.51,-0.16095,0.058462,0.16687,73.991
270.5,51.51,-0.16094,0.10782,0.23473,74.11
271,51.51,-0.16094,-0.013691,0.21115,73.7
271.5,51.51,-0.16094,-0.047076,0.30437,75.56
272,51.51,-0.16094,-0.14802,0.22627,76.281
272.5,51.51,-0.16094,-0.12566,0.15761,77.555
273,51.51,-0.16094,-0.23224,0.13746,78.956
273.5,51.51,-0.16094,-0.20661,0.055971,81.814
274,51.51,-0.16094,-0.2151,0.013379,83.519
274.5,51.51,-0.16094,-0.41185,-0.01147,56.003
275,51.51,-0.16094,-0.49512,0.0063636,57.255
275.5,51.51,-0.16094,-0.98083,0.0070105,60.862
276,51.51,-0.16094,-0.95438,-0.033864,63.108
276.5,51.51,-0.16094,-1.3382,-0.014674,64.532
277,51.51,-0.16094,-1.1894,0.044728,65.961
277.5,51.51,-0.16094,-1.404,-0.0056657,69.281
278,51.51,-0.16094,-1.186,-0.0078773,72.124
278.5,51.51,-0.16094,-1.3895,0.013195,75.48
279,51.51,-0.16094,-1.2192,0.082939,76.685
279.5,51.51,-0.16094,-1.3027,0.078765,78.777
280,51.51,-0.16093,-1.2551,0.010463,81.503
280.5,51.51,-0.16094,-1.2804,-0.059778,82.404
281,51.51,-0.16094,-1.2286,-0.00057575,84.99
281.5,51.51,-0.16094,-1.2735,-0.040203,86.67
282,51.51,-0.16094,-1.2044,-0.10891,88.641
282.5,51.51,-0.16094,-1.2709,-0.022376,91.417
283,51.51,-0.16094,-1.228,-0.0052679,92.198
283.5,51.51,-0.16094,-1.3002,0.022621,94.78
284,51.51,-0.16094,-1.1133,0.043899,95.119
284.5,51.51,-0.16094,-1.3104,0.068837,96.654
285,51.51,-0.16094,-1.2572,0.057918,98.576
285.5,51.51,-0.16093,-1.311,0.071365,100.77
286,51.51,-0.16093,-1.264,0.081083,103.22
286.5,51.51,-0.16093,-1.3334,0.0064934,105.01
287,51.51,-0.16093,-1.258,0.07919,106.53
287.5,51.509,-0.16093,-1.2676,0.060657,108.4
288,51.509,-0.16093,-1.2296,2.3488e-05,109.91
288.5,51.509,-0.16093,-1.2943,0.10852,110.99
289,51.509,-0.16093,-1.2389,0.089068,112
289.5,51.509,-0.16093,-1.3197,0.10942,114.34
290,51.509,-0.16093,-1.1708,-0.0085505,115.86
290.5,51.509,-0.16093,-1.3141,-0.01648,116.94
291,51.509,-0.16093,-1.2994,0.042504,118.42
291.5,51.509,-0.16093,-1.2671,-0.036537,120.01
292,51.509,-0.16093,-1.2556,0.025618,120.76
292.5,51.509,-0.16093,-1.3315,0.032294,122.91
293,51.509,-0.16093,-1.2699,0.023018,123.23
293.5,51.509,-0.16093,-1.1773,-0.0076417,124.61
294,51.509,-0.16093,-1.3187,-0.010896,126.6
294.5,51.509,-0.16093,-1.2701,-0.036487,127.15
295,51.509,-0.16093,-1.2011,-0.054324,128.5
295.5,51.509,-0.16093,-1.2966,-0.10456,129.84
296,51.509,-0.16093,-1.1884,-0.016041,131.13
296.5,51.509,-0.16093,-1.2221,-0.071654,131.3
297,51.509,-0.16093,-1.3171,-0.02091,131.85
297.5,51.509,-0.16093,-1.2203,0.0090255,135.49
298,51.509,-0.16093,-1.2881,-0.047276,136.3
298.5,51.509,-0.16093,-1.2235,-0.012612,136.45
299,51.509,-0.16093,-1.26,0.0052367,137.38
299.5,51.509,-0.16093,-1.2261,0.051703,140.16
300,51.509,-0.16093,-1.2671,-0.014658,140.9
300.5,51.509,-0.16093,-1.2698,-0.074717,139.58
301,51.509,-0.16093,-1.3167,-0.095245,140.55
301.5,51.509,-0.16093,-1.1587,-0.035198,143.52
302,51.509,-0.16093,-1.3391,0.0043179,143.85
302.5,51.509,-0.16093,-1.2131,-0.015603,144.56
303,51.509,-0.16093,-1.2756,-0.045642,145.62
303.5,51.509,-0.16093,-1.2068,0.013397,147.14
304,51.509,-0.16093,-1.2892,-0.019246,148.05
304.5,51.509,-0.16093,-1.2145,0.0029474,147.2
305,51.509,-0.16093,-1.1898,-0.030836,148.15
305.5,51.509,-0.16094,-1.207,-0.022059,150.74
306,51.509,-0.16094,-0.83846,-0.0041483,150.72
306.5,51.509,-0.16094,-0.58652,-0.0076322,152.14
307,51.509,-0.16094,-0.39742,0.0013699,153.08
307.5,51.509,-0.16093,-0.21438,0.066953,123.95
308,51.509,-0.16093,-0.25256,0.12893,125.05
308.5,51.509,-0.16093,-0.17948,0.18351,124.99
309,51.509,-0.16093,-0.14625,0.20724,124.36
309.5,51.509,-0.16093,-0.084049,0.28911,124.06
310,51.509,-0.16093,0.011286,0.21767,123.61
310.5,51.509,-0.16093,0.055901,0.3012,124.55
311,51.509,-0.16092,0.11894,0.20048,124.88
311.5,51.509,-0.16092,0.15818,0.19559,121.25
312,51.509,-0.16092,0.23249,0.13653,119.62
312.5,51.509,-0.16092,0.25025,0.071224,119.23
313,51.509,-0.16092,0.21878,-0.0019848,117.23
313.5,51.509,-0.16092,0.33068,-0.0035971,142.16
314,51.509,-0.16092,0.55804,-0.023022,139.28
314.5,51.509,-0.16092,0.89877,0.043129,138.31
315,51.509,-0.16092,1.153,0.032166,135.94
315.5,51.509,-0.16092,1.147,0.00091896,134.12
316,51.509,-0.16092,1.1762,0.060245,132.3
316.5,51.509,-0.16092,1.3163,-0.057392,130
317,51.509,-0.16092,1.1507,0.0038626,127.37
317.5,51.509,-0.16092,1.1987,0.057801,125.52
318,51.509,-0.16092,1.2862,0.1279,123.17
318.5,51.509,-0.16092,1.2513,0.0546,119.05
319,51.509,-0.16092,1.282,0.0061285,117.04
319.5,51.509,-0.16092,1.2438,0.020241,116.89
320,51.509,-0.16092,1.2962,-0.012875,113.99
320.5,51.509,-0.16092,1.1912,0.030624,111.26
321,51.509,-0.16092,1.2798,-0.05783,110.39
321.5,51.509,-0.16092,1.226,0.012278,109.05
322,51.509,-0.16092,1.2994,0.044348,107.78
322.5,51.509,-0.16092,1.2057,-0.037612,104.38
323,51.509,-0.16092,1.2459,0.010242,101.37
323.5,51.509,-0.16092,1.2435,0.0095004,100.46
324,51.509,-0.16092,1.2611,-0.045494,99.276
324.5,51.509,-0.16092,1.1972,-0.049535,97.326
325,51.509,-0.16092,1.2598,-0.017208,95.711
325.5,51.509,-0.16092,1.2335,0.010311,95.888
326,51.509,-0.16092,1.26,0.044159,93.517
326.5,51.509,-0.16092,1.3093,0.029623,90.063
327,51.509,-0.16092,1.2071,-0.022668,89.31
327.5,51.509,-0.16092,1.1849,0.024729,86.571
328,51.509,-0.16092,1.2516,0.02782,85.379
328.5,51.509,-0.16092,1.2477,0.012934,83.517
329,51.509,-0.16092,1.2502,0.034707,82.57
329.5,51.509,-0.16092,1.3166,-0.0015945,83.354
330,51.509,-0.16092,1.2363,-0.01419,81.862
330.5,51.509,-0.16092,1.3094,0.009196,79.14
331,51.509,-0.16092,1.2413,0.011778,77.45
331.5,51.509,-0.16092,1.2204,0.033161,75.058
332,51.509,-0.16092,1.252,0.010469,74.052
332.5,51.509,-0.16092,1.1965,0.00053956,72.931
333,51.509,-0.16092,1.3116,-0.010832,72.302
333.5,51.51,-0.16092,1.2394,0.0051436,70.656
334,51.51,-0.16092,1.3323,-0.0097175,68.917
334.5,51.51,-0.16092,1.2159,-0.051387,68.864
335,51.51,-0.16092,1.2634,-0.021049,67.548
335.5,51.51,-0.16092,1.2305,0.0068255,65.814
336,51.51,-0.16092,1.2878,0.013064,63.973
336.5,51.51,-0.16092,1.2389,-0.038255,64.729
337,51.51,-0.16092,1.1876,-0.034524,63.723
337.5,51.51,-0.16092,1.3599,-0.013752,60.596
338,51.51,-0.16092,1.1457,-0.029722,60.213
338.5,51.51,-0.16092,1.2866,-0.045841,59.088
339,51.51,-0.16092,1.2871,0.08753,57.878
339.5,51.51,-0.16092,1.2278,0.032085,57.261
340,51.51,-0.16092,1.2783,-0.091345,56.58
340.5,51.51,-0.16092,1.2769,-0.021089,55.791
341,51.51,-0.16092,1.2383,0.0070607,54.863
341.5,51.51,-0.16092,1.2132,-0.05398,52.07
342,51.51,-0.16092,1.1878,-0.038519,51.405
342.5,51.51,-0.16092,1.3168,0.023765,50.923
343,51.51,-0.16092,1.2177,-0.029113,49.874
343.5,51.51,-0.16092,1.2874,-0.016944,49.764
344,51.51,-0.16092,1.2619,-0.064278,47.976
344.5,51.51,-0.16092,1.1349,-0.059222,48.864
345,51.51,-0.16092,0.91073,-0.031891,47.02
345.5,51.51,-0.16092,0.63492,-0.01071,45.508
346,51.51,-0.16092,0.42071,-0.0056482,44.432
346.5,51.51,-0.16092,0.27855,0.077323,74.223
347,51.51,-0.16092,0.15074,0.10065,73.197
347.5,51.51,-0.16092,0.22999,0.17431,72.351
348,51.51,-0.16092,0.11433,0.18657,72.697
348.5,51.51,-0.16092,0.10252,0.2754,73.684
349,51.51,-0.16091,-0.019925,0.26955,74.087
349.5,51.51,-0.16091,-0.046841,0.22283,73.363
350,51.51,-0.16091,-0.11155,0.20779,74.626
350.5,51.51,-0.16091,-0.16113,0.19494,76.319
351,51.51,-0.16091,-0.1608,0.074876,77.556
351.5,51.51,-0.16091,-0.33033,0.12065,78.289
352,51.51,-0.16091,-0.16306,-0.034024,81.075
352.5,51.51,-0.16091,-0.45645,0.0057646,53.622
353,51.51,-0.16091,-0.59927,-0.035846,55.648
353.5,51.51,-0.16091,-0.91626,-0.0012087,58.025
354,51.51,-0.16091,-0.97293,-0.072878,60.951
354.5,51.51,-0.16091,-1.3748,-0.0046371,62.664
355,51.51,-0.16091,-1.1215,0.01214,64.754
355.5,51.51,-0.16091,-1.349,-0.058285,68.023
356,51.51,-0.16091,-1.2066,-0.02336,70.28
356.5,51.51,-0.16091,-1.256,0.017203,71.608
357,51.51,-0.16091,-1.2554,0.030253,73.94
357.5,51.51,-0.16091,-1.2297,-0.041696,76.314
358,51.51,-0.16091,-1.2987,0.0058727,78.261
358.5,51.51,-0.16091,-1.2682,0.0083403,80.309
359,51.51,-0.16091,-1.1871,-0.04566,82.711
359.5,51.51,-0.16091,-1.345,-0.046554,85.493
360,51.51,-0.16091,-1.235,-0.016455,86.997
360.5,51.51,-0.16091,-1.3005,-0.085299,88.209
361,51.51,-0.16091,-1.1613,-0.030812,90.002
361.5,51.51,-0.16091,-1.3474,0.012705,92.876
362,51.51,-0.16091,-1.1487,-0.042214,93.947
362.5,51.51,-0.16091,-1.3468,-0.030714,94.528
363,51.51,-0.16091,-1.2085,0.0040877,96.844
363.5,51.51,-0.16091,-1.1948,-0.021668,100.1
364,51.51,-0.16091,-1.4251,0.0066282,102.05
364.5,51.51,-0.16091,-1.0943,0.0051205,102.05
365,51.51,-0.16091,-1.3599,-0.035883,103.35
365.5,51.509,-0.16091,-1.2674,-0.013203,106.19
366,51.509,-0.16091,-1.2642,-0.023361,107.09
366.5,51.509,-0.16091,-1.2727,0.075991,107.85
367,51.509,-0.16091,-1.2496,0.046045,109.5
367.5,51.509,-0.16091,-1.1917,-0.0087115,111.31
368,51.509,-0.16091,-1.2912,0.045218,112.71
368.5,51.509,-0.16091,-1.1514,0.076161,114.92
369,51.509,-0.16091,-1.3094,0.020996,116.82
369.5,51.509,-0.16091,-1.1664,-0.044843,117.62
370,51.509,-0.16091,-1.3166,-0.045809,118.48
370.5,51.509,-0.16091,-1.2704,-0.060565,120.94
371,51.509,-0.16091,-1.235,-0.041907,121.79
371.5,51.509,-0.16091,-1.2429,-0.050294,122.72
372,51.509,-0.16091,-1.2122,-0.034382,123.67
372.5,51.509,-0.16091,-1.2941,0.011029,124.44
373,51.509,-0.16091,-1.2286,0.0053193,125.54
373.5,51.509,-0.16091,-1.3253,0.015541,126.4
374,51.509,-0.16091,-1.1385,-0.0073859,127.53
374.5,51.509,-0.16091,-1.2944,0.023293,129.97
375,51.509,-0.16091,-1.2274,0.050109,130.96
375.5,51.509,-0.16091,-1.2565,0.049571,132.18
376,51.509,-0.16091,-1.262,0.029625,133.03
376.5,51.509,-0.16091,-1.2816,-0.09349,134.68
377,51.509,-0.16091,-1.1574,0.0089615,136.07
377.5,51.509,-0.16091,-1.3489,-0.015298,134.74
378,51.509,-0.16091,-1.1889,-0.058661,136.8
378.5,51.509,-0.16091,-1.3523,0.020016,138.68
379,51.509,-0.16091,-1.196,0.017206,140.41
379.5,51.509,-0.16091,-1.2794,-0.032592,139.92
380,51.509,-0.16091,-1.2974,-0.031398,141.8
380.5,51.509,-0.16091,-1.1897,-0.062453,143.85
381,51.509,-0.16091,-1.2987,-0.056769,143.84
381.5,51.509,-0.16091,-1.189,0.068484,143.61
382,51.509,-0.16091,-1.2067,-0.0025707,144.05
382.5,51.509,-0.16091,-1.3489,-0.01714,145.64
383,51.509,-0.16091,-1.1388,0.028962,146.32
383.5,51.509,-0.16091,-1.1919,0.032248,145.53
384,51.509,-0.16091,-0.95941,0.0027006,146.5
384.5,51.509,-0.16091,-0.56997,0.0081252,148.58
385,51.509,-0.16091,-0.51102,0.012886,149.11
385.5,51.509,-0.16091,-0.1121,0.082424,118.3
386,51.509,-0.16091,-0.36337,0.17501,119.75
386.5,51.509,-0.16091,-0.10739,0.17455,122.72
387,51.509,-0.16091,-0.1952,0.23427,123.34
387.5,51.509,-0.16091,-0.028138,0.24588,121.83
388,51.509,-0.1609,-0.031678,0.23922,120.83
388.5,51.509,-0.1609,0.081348,0.24412,121.18
389,51.509,-0.1609,0.10579,0.21996,120.44
389.5,51.509,-0.1609,0.17593,0.18886,117.02
390,51.509,-0.1609,0.16253,0.10475,116.33
390.5,51.509,-0.1609,0.29444,0.1098,115.54
391,51.509,-0.1609,0.20865,-0.030197,112.92
391.5,51.509,-0.1609,0.31979,-0.0063066,141.31
392,51.509,-0.1609,0.67543,-0.037087,137.99
392.5,51.509,-0.1609,0.76678,-0.0090678,135.14
393,51.509,-0.1609,1.0774,0.012121,133.11
393.5,51.509,-0.1609,1.2761,-0.017142,130.44
394,51.509,-0.1609,1.2388,-0.041419,128.78
394.5,51.509,-0.1609,1.1803,-0.0018332,126.18
395,51.509,-0.1609,1.366,-0.01776,123.65
395.5,51.509,-0.1609,1.267,-0.080347,121.8
396,51.509,-0.1609,1.2458,-0.12958,119.42
396.5,51.509,-0.1609,1.2292,-0.043258,117.43
397,51.509,-0.1609,1.3307,-0.034011,114.84
397.5,51.509,-0.1609,1.2685,-0.004849,114.23
398,51.509,-0.1609,1.2188,-0.016777,112.03
398.5,51.509,-0.1609,1.2617,-0.044853,110.45
399,51.509,-0.1609,1.2724,-0.064155,107.62
399.5,51.509,-0.1609,1.3163,-0.021727,106.6
400,51.509,-0.1609,1.2452,0.014538,104.13
400.5,51.509,-0.1609,1.2524,-0.0061713,101
401,51.509,-0.1609,1.28,0.066287,99.525
401.5,51.509,-0.1609,1.2248,-0.053191,97.594
402,51.509,-0.1609,1.196,0.020861,95.524
402.5,51.509,-0.1609,1.3623,0.020053,93.591
403,51.509,-0.1609,1.1443,-0.057819,92.277
403.5,51.509,-0.1609,1.3563,0.02858,92.086
404,51.509,-0.1609,1.1884,-0.077982,90.233
404.5,51.509,-0.1609,1.3736,-0.052745,88.569
405,51.509,-0.1609,1.162,0.021669,87.834
405.5,51.509,-0.1609,1.3359,0.0035828,85.806
406,51.509,-0.1609,1.1789,0.061306,85.018
406.5,51.509,-0.1609,1.3822,0.001265,82.455
407,51.509,-0.1609,1.2304,-0.083246,81.21
407.5,51.509,-0.1609,1.1836,0.019317,79.496
408,51.509,-0.1609,1.3204,-0.0027748,77.95
408.5,51.509,-0.1609,1.0887,0.0079499,76.537
409,51.509,-0.1609,1.3783,-0.0034535,75.859
409.5,51.509,-0.1609,1.1576,-0.067667,73.486
410,51.509,-0.1609,1.2866,-0.01616,73.048
410.5,51.509,-0.1609,1.2139,0.033993,71.352
411,51.509,-0.1609,1.2449,0.094215,71.644
411.5,51.51,-0.1609,1.2229,-0.026671,68.239
412,51.51,-0.1609,1.2654,-0.077491,67.29
412.5,51.51,-0.1609,1.2875,-0.0052502,66.307
413,51.51,-0.1609,1.2546,0.064143,64.375
413.5,51.51,-0.1609,1.2266,0.01661,63.637
414,51.51,-0.1609,1.3755,-0.0079778,62.165
414.5,51.51,-0.1609,1.1263,-0.018008,61.899
415,51.51,-0.1609,1.3427,0.017346,61.678
415.5,51.51,-0.1609,1.2254,0.048749,59.326
416,51.51,-0.1609,1.325,-0.010173,58.439
416.5,51.51,-0.1609,1.2549,-0.029797,57.805
417,51.51,-0.1609,1.2105,-0.0037695,56.315
417.5,51.51,-0.1609,1.2837,-0.031998,54.91
418,51.51,-0.1609,1.2957,-0.123,54.849
418.5,51.51,-0.1609,1.1857,0.031174,54.083
419,51.51,-0.1609,1.2892,-0.064925,53.508
419.5,51.51,-0.1609,1.2513,-0.055285,51.843
420,51.51,-0.1609,1.2385,0.051914,51.78
420.5,51.51,-0.1609,1.2901,-0.00051817,50.054
421,51.51,-0.1609,1.2457,-0.0047926,49.363
421.5,51.51,-0.1609,1.2053,-0.091973,47.836
422,51.51,-0.1609,1.1997,-0.02616,46.287
422.5,51.51,-0.1609,1.2409,-0.0015696,46.632
423,51.51,-0.1609,0.81221,-0.031542,45.769
423.5,51.51,-0.1609,0.772,0.028561,43.946
424,51.51,-0.1609,0.30654,-0.031895,43.054
424.5,51.51,-0.1609,0.23328,-0.0031514,43.42
425,51.51,-0.1609,-0.020665,0.0029676,43.223
